0 0.441836 0.131803 0.171745 0.075519
0 0.216709 0.088525 0.148691 0.136940
0 0.417236 0.268689 0.149745 0.072350
0 0.209382 0.353661 0.154982 0.135301
0 0.135018 0.459098 0.134036 0.100710
0 0.089473 0.555847 0.166509 0.102295
0 0.262255 0.664426 0.172800 0.086557
0 0.414091 0.810792 0.109927 0.155792
0 0.234491 0.836721 0.035600 0.078689
0 0.140273 0.828087 0.090073 0.095956
0 0.044982 0.145956 0.064945 0.220328
0 0.128745 0.322978 0.058655 0.080273
0 0.720364 0.157760 0.136145 0.064481
0 0.607800 0.062760 0.130873 0.125519
0 0.745509 0.063525 0.146582 0.127049
0 0.835545 0.101803 0.148691 0.097705
0 0.930836 0.274180 0.134036 0.077104
0 0.809382 0.372541 0.064945 0.075574
0 0.604673 0.517295 0.063891 0.081803
0 0.654400 0.703798 0.094255 0.092842
0 0.409909 0.521175 0.049200 0.086721
0 0.365927 0.440191 0.126691 0.081803
0 0.575345 0.806831 0.082691 0.122732
0 0.736091 0.634536 0.108909 0.152678
0 0.847073 0.521230 0.092182 0.089672
0 0.852309 0.485055 0.171745 0.155792
0 0.972200 0.422104 0.053418 0.080273
0 0.953891 0.497650 0.031418 0.118033
0 0.933982 0.643197 0.062800 0.094372
0 0.754400 0.750956 0.103636 0.092842
0 0.914618 0.802049 0.078545 0.078852
0 0.576400 0.167186 0.147636 0.092842
0 0.621418 0.314235 0.086909 0.110328
0 0.591582 0.404016 0.098436 0.084973
0 0.466436 0.348934 0.099491 0.056667
0 0.430836 0.380410 0.065964 0.088142
0 0.545509 0.455164 0.035600 0.092842
0 0.460691 0.495191 0.071200 0.066230
0 0.509364 0.620301 0.143455 0.080383
0 0.461745 0.643197 0.071200 0.119617
0 0.952836 0.163169 0.092145 0.097705
