0 0.070778 0.096178 0.141556 0.058311
0 0.333333 0.118600 0.110844 0.055956
0 0.470378 0.077778 0.140933 0.059289
0 0.468089 0.174533 0.114222 0.069333
0 0.402667 0.229911 0.151111 0.050311
0 0.567111 0.290867 0.164533 0.071600
0 0.191822 0.364689 0.154489 0.046978
0 0.120222 0.473756 0.154489 0.063778
0 0.224244 0.538067 0.152222 0.105111
0 0.200200 0.605756 0.166800 0.081644
0 0.068778 0.666133 0.123156 0.059289
0 0.266200 0.684044 0.151156 0.063733
0 0.196844 0.764022 0.233867 0.089467
0 0.516222 0.685156 0.156711 0.050311
0 0.458578 0.437956 0.189156 0.112978
0 0.707467 0.349600 0.158933 0.124178
0 0.838911 0.332267 0.119778 0.118578
0 0.873022 0.375867 0.138844 0.064889
0 0.873022 0.187400 0.143289 0.063778
0 0.955556 0.197467 0.088889 0.045867
0 0.889289 0.043111 0.139822 0.070489
0 0.782978 0.505067 0.122044 0.068267
0 0.666644 0.600156 0.200311 0.090622
0 0.455800 0.580556 0.067244 0.060400
0 0.297533 0.606867 0.144400 0.081644
0 0.647622 0.722644 0.128756 0.076044
0 0.819889 0.657200 0.139956 0.081689
