0 0.324905 0.645681 0.147311 0.077853
0 0.557045 0.748482 0.126364 0.059895
0 0.806136 0.715524 0.101818 0.055864
0 0.853788 0.797880 0.106136 0.056911
0 0.901080 0.913141 0.096780 0.073822
0 0.510833 0.069817 0.080152 0.055864
0 0.303239 0.077827 0.059205 0.047906
0 0.238977 0.193586 0.046212 0.059843
0 0.190587 0.114241 0.075114 0.080838
0 0.061723 0.098770 0.114811 0.089791
0 0.064583 0.170131 0.058485 0.062880
0 0.376155 0.467042 0.098220 0.081832
0 0.522008 0.424607 0.092424 0.050890
0 0.705398 0.402173 0.031780 0.047906
0 0.740436 0.362251 0.072917 0.059895
0 0.792045 0.452565 0.051970 0.052880
0 0.919848 0.489476 0.063561 0.046911
0 0.958125 0.413639 0.076553 0.062880
0 0.979053 0.238979 0.041894 0.066859
0 0.793864 0.214031 0.081591 0.050890
0 0.785928 0.246466 0.068598 0.053874
0 0.845473 0.285393 0.057765 0.039895
0 0.908314 0.241492 0.054886 0.041937
0 0.567121 0.216047 0.035379 0.062880
0 0.748011 0.771414 0.090947 0.035916
0 0.947652 0.769921 0.084470 0.052932
0 0.286989 0.849267 0.070038 0.035916
0 0.392045 0.262435 0.053409 0.049895
0 0.375436 0.579319 0.138598 0.088796
0 0.834659 0.452068 0.096742 0.083822
0 0.736818 0.306361 0.091667 0.053874
0 0.711913 0.112749 0.085189 0.109791
0 0.029962 0.276911 0.059924 0.048901
0 0.066402 0.381204 0.067879 0.047853
0 0.259186 0.344267 0.099659 0.053874
0 0.220928 0.440079 0.030341 0.087801
0 0.265322 0.474529 0.068598 0.040890
0 0.317311 0.430602 0.113333 0.072827
0 0.230663 0.519921 0.052689 0.037958
0 0.223807 0.827801 0.103977 0.120733
0 0.213333 0.911152 0.120606 0.073822
0 0.335720 0.937094 0.118409 0.055864
0 0.484110 0.897670 0.093144 0.044869
0 0.597102 0.559346 0.057765 0.036911
0 0.693864 0.488010 0.086667 0.063874
0 0.673295 0.437592 0.058485 0.040942
0 0.781951 0.541387 0.057765 0.068848
0 0.904678 0.169634 0.060644 0.043874
0 0.931761 0.103770 0.117689 0.135707
0 0.805057 0.101283 0.034659 0.064869
0 0.756686 0.132199 0.056326 0.042932
0 0.315511 0.175628 0.106856 0.075864
0 0.025985 0.490497 0.051970 0.038901
0 0.088068 0.044869 0.054848 0.085864
0 0.340057 0.740995 0.059205 0.042932
0 0.464981 0.744476 0.079432 0.065916
0 0.547273 0.688586 0.070758 0.057906
0 0.640795 0.641702 0.059924 0.043927
0 0.703977 0.585288 0.044773 0.056859
