0 0.912983 0.265595 0.137700 0.141548
0 0.778133 0.154137 0.102933 0.165298
0 0.730150 0.290774 0.104300 0.103095
0 0.784733 0.337292 0.074400 0.062202
0 0.107417 0.283899 0.079967 0.057202
0 0.294833 0.287054 0.068133 0.058393
0 0.820900 0.747708 0.054933 0.065893
0 0.767017 0.839613 0.083433 0.058512
0 0.688783 0.853869 0.098033 0.109405
0 0.840717 0.954911 0.114033 0.090179
0 0.520483 0.796756 0.039633 0.072202
0 0.295183 0.182738 0.073033 0.050952
0 0.499983 0.437262 0.055633 0.105714
0 0.364367 0.482024 0.082067 0.085714
0 0.684600 0.180268 0.074400 0.088155
0 0.486750 0.368958 0.115433 0.080893
0 0.437033 0.609226 0.085533 0.106905
0 0.424517 0.704256 0.088300 0.085774
0 0.401233 0.915982 0.108467 0.114345
0 0.148100 0.364048 0.083467 0.063333
0 0.182867 0.355357 0.061200 0.065833
0 0.237467 0.344792 0.066067 0.044702
0 0.218683 0.244226 0.068833 0.067024
0 0.408533 0.115060 0.045200 0.077024
0 0.217650 0.073393 0.107100 0.085833
0 0.685650 0.552738 0.130767 0.150357
0 0.847317 0.659554 0.091100 0.130536
0 0.825433 0.686905 0.062600 0.048452
0 0.309083 0.832768 0.092500 0.062202
0 0.205117 0.848274 0.083433 0.046071
0 0.303533 0.726607 0.056333 0.113095
0 0.219733 0.654583 0.079267 0.068452
0 0.147750 0.491310 0.086900 0.126667
0 0.287867 0.497530 0.082067 0.084464
