0 0.223133 0.257867 0.134356 0.083911
0 0.359600 0.164400 0.127644 0.047111
0 0.517378 0.181756 0.143200 0.052667
0 0.520111 0.341756 0.128756 0.068222
0 0.652667 0.331133 0.134311 0.040311
0 0.701333 0.393222 0.086222 0.041378
0 0.645933 0.417267 0.123156 0.044756
0 0.627000 0.494444 0.087244 0.098400
0 0.437911 0.530800 0.129867 0.081689
0 0.139222 0.555956 0.123156 0.069333
0 0.248311 0.693489 0.113067 0.060489
0 0.372511 0.897089 0.144311 0.071689
0 0.597311 0.843378 0.128756 0.044889
0 0.819378 0.780800 0.149867 0.055911
0 0.869667 0.883111 0.100756 0.057156
0 0.979044 0.642600 0.041911 0.061644
