0 0.471467 0.470628 0.099529 0.067158
0 0.337246 0.401940 0.099493 0.053497
0 0.227736 0.396667 0.069601 0.089180
0 0.182536 0.447541 0.101594 0.065027
0 0.292083 0.647350 0.124457 0.072404
0 0.650217 0.536694 0.135580 0.106940
0 0.673478 0.619563 0.118261 0.075519
0 0.583424 0.244071 0.110616 0.067158
0 0.591775 0.178005 0.088406 0.073388
0 0.762880 0.347377 0.095254 0.051366
0 0.829982 0.424481 0.095978 0.054536
0 0.553551 0.687732 0.110580 0.037760
0 0.429402 0.543525 0.083514 0.043005
0 0.407138 0.632650 0.072391 0.045082
0 0.318478 0.770574 0.134275 0.046175
0 0.133134 0.741230 0.082138 0.058743
