0 0.850473 0.451885 0.193309 0.129672
0 0.884545 0.208989 0.109891 0.070000
0 0.716945 0.301475 0.155782 0.119126
0 0.640455 0.190109 0.114073 0.088962
0 0.541018 0.683934 0.146036 0.071038
0 0.311182 0.300355 0.125855 0.142240
0 0.251364 0.184372 0.136982 0.085792
0 0.114382 0.201667 0.155091 0.067923
0 0.108473 0.380874 0.044509 0.114973
0 0.180091 0.447705 0.119600 0.100437
0 0.220436 0.534481 0.137673 0.169290
0 0.271545 0.834891 0.088327 0.143224
0 0.363000 0.828607 0.151600 0.122350
0 0.529873 0.845383 0.118218 0.113934
0 0.584818 0.950410 0.132109 0.079399
0 0.273964 0.970519 0.155782 0.058962
0 0.641491 0.552732 0.141164 0.120328
0 0.545182 0.534508 0.162727 0.163005
0 0.474255 0.407486 0.133527 0.080546
0 0.606727 0.283115 0.074400 0.074317
