0 0.777356 0.097867 0.176844 0.110756
0 0.516778 0.190711 0.154356 0.090578
0 0.394244 0.204711 0.157822 0.064889
0 0.063200 0.325511 0.126400 0.062667
0 0.160511 0.406044 0.182356 0.080533
0 0.357333 0.395422 0.200356 0.086133
0 0.690711 0.326111 0.172356 0.092844
0 0.672800 0.383089 0.205956 0.066089
0 0.590622 0.401600 0.233778 0.084978
0 0.788578 0.449089 0.177956 0.095156
0 0.093133 0.544178 0.186267 0.054933
0 0.070200 0.496067 0.140400 0.068311
0 0.332800 0.637000 0.199111 0.077289
0 0.557089 0.519044 0.242711 0.109644
0 0.632600 0.670622 0.219244 0.112978
0 0.660511 0.736556 0.150000 0.081733
0 0.518489 0.641533 0.161067 0.079422
0 0.400422 0.701378 0.209289 0.084978
0 0.354622 0.755067 0.224800 0.067111
0 0.890111 0.748911 0.219778 0.081644
0 0.890689 0.586733 0.218622 0.121911
0 0.940444 0.490511 0.119111 0.079422
0 0.256133 0.500533 0.200356 0.099644
0 0.441244 0.473733 0.212622 0.126400
0 0.455844 0.332822 0.116311 0.095067
0 0.186267 0.592267 0.174489 0.088444
0 0.049511 0.648244 0.099022 0.070444
