0 0.305273 0.150984 0.105018 0.239344
0 0.158182 0.133743 0.312945 0.146284
0 0.584836 0.514645 0.296945 0.195410
0 0.526764 0.071557 0.093164 0.138962
0 0.854655 0.042322 0.196800 0.084645
0 0.761455 0.535027 0.152291 0.112896
0 0.451291 0.685519 0.226000 0.152568
0 0.689836 0.758087 0.131455 0.274973
0 0.787200 0.903333 0.128655 0.130710
0 0.562218 0.922213 0.278182 0.116011
0 0.282327 0.735164 0.231564 0.118087
0 0.151582 0.333852 0.086945 0.289454
0 0.295873 0.379317 0.198873 0.271749
0 0.523273 0.252842 0.248945 0.219454
0 0.680436 0.441503 0.134909 0.120164
0 0.764927 0.251257 0.077200 0.197596
