0 0.566333 0.234511 0.144667 0.063867
0 0.675600 0.247978 0.135733 0.042889
0 0.778400 0.228511 0.153689 0.085822
0 0.602267 0.412156 0.118756 0.085822
0 0.498467 0.578800 0.164667 0.069867
0 0.224511 0.440089 0.119778 0.083822
0 0.182600 0.155156 0.087867 0.096800
0 0.143689 0.113733 0.095822 0.047911
0 0.296378 0.034889 0.101822 0.053867
0 0.509956 0.073311 0.113778 0.046889
0 0.794867 0.620222 0.062889 0.074844
0 0.835800 0.758444 0.134711 0.053867
0 0.974533 0.645667 0.038933 0.067867
0 0.075333 0.681600 0.150667 0.083822
0 0.627711 0.921111 0.143689 0.065867
