0 0.673873 0.416393 0.054655 0.065137
0 0.576327 0.403661 0.049964 0.039672
0 0.511782 0.380273 0.050909 0.032568
0 0.916582 0.437650 0.074473 0.067978
0 0.875582 0.503497 0.077273 0.066557
0 0.928836 0.240765 0.044291 0.042514
0 0.645145 0.290328 0.061273 0.042514
0 0.689436 0.255628 0.049927 0.038251
0 0.735618 0.304481 0.080109 0.036831
0 0.508473 0.316530 0.066909 0.043880
0 0.693200 0.551639 0.072582 0.103388
0 0.706873 0.603333 0.056582 0.101967
0 0.487255 0.424891 0.082945 0.045301
0 0.475491 0.543169 0.072582 0.072240
0 0.399145 0.453907 0.051818 0.052404
0 0.307236 0.372486 0.045236 0.065191
0 0.274255 0.264126 0.049018 0.060929
0 0.642782 0.720902 0.075382 0.056667
0 0.597073 0.689754 0.042436 0.062350
0 0.566909 0.638743 0.040509 0.062295
0 0.584345 0.595546 0.060327 0.046721
