0 0.726378 0.066342 0.349388 0.108794
0 0.940077 0.077821 0.119847 0.069883
0 0.558878 0.043385 0.176633 0.068872
0 0.524209 0.150681 0.222500 0.101829
0 0.729005 0.253482 0.155765 0.089844
0 0.634796 0.387218 0.244694 0.093813
0 0.348189 0.327821 0.294439 0.130739
0 0.399158 0.397198 0.074745 0.055875
0 0.065816 0.353268 0.131633 0.061868
0 0.471224 0.512957 0.291837 0.067860
0 0.405102 0.592782 0.290510 0.093813
0 0.857245 0.486518 0.210714 0.060895
0 0.851352 0.710058 0.206786 0.064864
0 0.618418 0.820856 0.149184 0.062879
0 0.175077 0.933619 0.350153 0.090817
0 0.101148 0.654163 0.202296 0.068872
0 0.061224 0.724027 0.122449 0.052879
