0 0.416644 0.335289 0.270444 0.139733
0 0.441089 0.417133 0.327333 0.129733
0 0.225022 0.075333 0.240533 0.148711
0 0.379200 0.700067 0.267467 0.126711
0 0.592289 0.613244 0.062889 0.104800
0 0.657133 0.114733 0.322356 0.085822
0 0.502444 0.046378 0.272444 0.090800
0 0.494978 0.487000 0.239556 0.079867
0 0.460556 0.536889 0.172667 0.073867
0 0.465044 0.700067 0.225556 0.114800
0 0.092800 0.959533 0.185600 0.072844
0 0.959067 0.813333 0.081867 0.075822
0 0.145689 0.155156 0.291378 0.174667
0 0.175111 0.371711 0.192622 0.138711
0 0.069844 0.292400 0.139689 0.113778
0 0.058356 0.398667 0.116711 0.084800
0 0.092289 0.585800 0.086800 0.093822
0 0.680622 0.575311 0.135733 0.104756
0 0.852267 0.581311 0.073867 0.186622
0 0.888689 0.868222 0.222533 0.109778
0 0.675111 0.311333 0.216533 0.123733
0 0.651178 0.208556 0.292400 0.129733
0 0.865244 0.294889 0.149689 0.114756
