0 0.477273 0.339481 0.380291 0.330109
0 0.657200 0.058743 0.225018 0.117486
0 0.264018 0.242705 0.334073 0.157104
0 0.145455 0.382158 0.190909 0.208361
0 0.301127 0.555792 0.258327 0.202623
0 0.636364 0.641721 0.210618 0.110437
0 0.891673 0.619536 0.216655 0.154809
0 0.724618 0.418607 0.262909 0.119508
0 0.854927 0.169262 0.234073 0.151421
0 0.326891 0.132842 0.259818 0.187869
0 0.135982 0.863142 0.073491 0.200383
0 0.872345 0.879098 0.206800 0.107049
0 0.505309 0.793087 0.263636 0.126503
0 0.768182 0.238743 0.248509 0.158251
0 0.567800 0.296230 0.171964 0.166230
0 0.588636 0.542104 0.195455 0.072842
0 0.547727 0.975984 0.157564 0.048033
0 0.159836 0.095164 0.096982 0.190328
