0 0.534359 0.358434 0.100954 0.060602
0 0.522105 0.263494 0.104737 0.081325
0 0.419836 0.201446 0.084934 0.112169
0 0.351974 0.285934 0.088684 0.064036
0 0.276628 0.232410 0.094243 0.081325
0 0.205477 0.118584 0.114046 0.122590
0 0.152648 0.239398 0.104704 0.094940
0 0.204474 0.360151 0.112237 0.091627
0 0.266727 0.519036 0.108388 0.122530
0 0.338849 0.635452 0.081053 0.145120
0 0.392500 0.688163 0.062303 0.088012
0 0.062632 0.537078 0.066053 0.179699
0 0.623898 0.647530 0.119770 0.093373
0 0.704490 0.514699 0.092467 0.106988
0 0.660658 0.426596 0.102829 0.127892
0 0.737467 0.580301 0.101908 0.096627
0 0.660230 0.225572 0.098026 0.108735
0 0.658816 0.181566 0.089539 0.079398
0 0.696941 0.140151 0.111316 0.062108
0 0.633355 0.115120 0.029211 0.105301
0 0.467911 0.129729 0.079243 0.086446
0 0.385444 0.070271 0.078322 0.091506
0 0.648454 0.781386 0.029211 0.084578
0 0.417961 0.548283 0.052895 0.077892
0 0.408520 0.398976 0.062303 0.083012
0 0.809095 0.191054 0.126414 0.060422
0 0.762911 0.267018 0.052862 0.177771
0 0.881201 0.294578 0.055691 0.108916
0 0.909523 0.287741 0.063125 0.146687
0 0.912829 0.169428 0.060329 0.086446
0 0.931628 0.042560 0.064178 0.074398
0 0.871299 0.087500 0.069836 0.088012
0 0.836431 0.145361 0.081151 0.069036
0 0.863766 0.432741 0.113191 0.077651
0 0.543783 0.922831 0.061382 0.119277
0 0.637138 0.978283 0.066908 0.043434
0 0.097500 0.034699 0.060395 0.069398
0 0.309622 0.176416 0.079178 0.134639
