4 0.340525 0.681771 0.096689 0.065997
4 0.393556 0.524053 0.103956 0.068234
4 0.343067 0.524611 0.079983 0.089487
4 0.158222 0.473661 0.029783 0.041497
4 0.021176 0.466446 0.042353 0.060402
4 0.033890 0.525731 0.067781 0.064876
4 0.338382 0.184008 0.119864 0.057049
4 0.100071 0.335513 0.144636 0.071711
4 0.218154 0.253862 0.113325 0.067228
4 0.180342 0.334959 0.064000 0.054923
4 0.183975 0.165550 0.045111 0.114093
4 0.129492 0.828862 0.142456 0.111856
4 0.163999 0.680652 0.114125 0.121920
4 0.481093 0.836692 0.120664 0.049217
4 0.441137 0.766781 0.109042 0.086129
4 0.409536 0.252241 0.085067 0.083892
4 0.424065 0.298606 0.111219 0.042618
