4 0.295158 0.561469 0.085722 0.040381
4 0.268607 0.941277 0.050197 0.021253
4 0.325996 0.926178 0.047292 0.049217
4 0.427699 0.813706 0.024047 0.050449
4 0.775340 0.432834 0.074097 0.035907
4 0.805488 0.501625 0.070464 0.041497
4 0.735022 0.666054 0.041406 0.032553
4 0.527222 0.661580 0.061822 0.041501
4 0.324579 0.752183 0.070464 0.050449
4 0.451671 0.576067 0.058914 0.071587
4 0.519231 0.476456 0.035667 0.058276
4 0.444806 0.408781 0.081361 0.043738
2 0.085178 0.714209 0.069811 0.043627
4 0.273690 0.512252 0.083614 0.033666
4 0.315462 0.423325 0.065453 0.081766
4 0.443317 0.360126 0.075622 0.033666
4 0.563907 0.411020 0.052375 0.043734
2 0.024083 0.824388 0.048167 0.046980
