4 0.819186 0.532111 0.075106 0.025804
4 0.779547 0.576548 0.026428 0.031163
4 0.759729 0.551920 0.038247 0.031163
4 0.723567 0.513907 0.041028 0.025804
4 0.714526 0.490351 0.041031 0.023661
4 0.686710 0.468398 0.050764 0.024735
4 0.765290 0.467329 0.057719 0.031159
4 0.861606 0.447573 0.066761 0.038550
4 0.852565 0.494634 0.054242 0.032228
4 0.957572 0.439542 0.062589 0.050325
4 0.974958 0.381131 0.048678 0.034376
4 0.890814 0.396121 0.063978 0.027947
4 0.832051 0.408437 0.066064 0.024735
4 0.835529 0.389752 0.061892 0.029983
4 0.741996 0.421820 0.050069 0.023666
4 0.705137 0.431456 0.054242 0.030090
4 0.656460 0.403618 0.052853 0.027947
4 0.584485 0.366140 0.063281 0.030090
4 0.531286 0.345796 0.055633 0.030086
4 0.482956 0.357575 0.052156 0.025808
4 0.903678 0.451801 0.031294 0.021523
4 0.795194 0.503787 0.064672 0.033195
4 0.852218 0.593734 0.029903 0.048186
4 0.892204 0.542872 0.043114 0.044974
