0 0.138949 0.443092 0.041547 0.016065
0 0.139954 0.457066 0.030464 0.014072
0 0.184968 0.358762 0.023397 0.049003
0 0.536587 0.432613 0.013675 0.011078
0 0.393996 0.397233 0.029231 0.017964
0 0.411819 0.395237 0.022100 0.027943
0 0.375556 0.404671 0.014261 0.017066
0 0.362560 0.409660 0.033769 0.025051
0 0.410522 0.442145 0.032472 0.019962
0 0.396621 0.453571 0.018797 0.013071
0 0.383333 0.422134 0.033706 0.014072
0 0.306171 0.425629 0.042842 0.023054
0 0.252699 0.430118 0.039603 0.024050
0 0.247222 0.453071 0.037594 0.020060
0 0.220615 0.447635 0.027286 0.032934
0 0.203472 0.458062 0.014906 0.030043
0 0.183994 0.450627 0.034417 0.018961
0 0.170708 0.450128 0.023400 0.019957
