0 0.643144 0.227042 0.018161 0.031433
0 0.595525 0.188452 0.013150 0.023601
0 0.582449 0.369102 0.046564 0.026955
0 0.778590 0.571003 0.065453 0.052682
0 0.883597 0.462502 0.021067 0.050445
0 0.898817 0.400979 0.024044 0.023601
0 0.813460 0.299750 0.029131 0.018011
0 0.764097 0.269549 0.043589 0.033666
0 0.715753 0.317145 0.031311 0.016779
0 0.540315 0.390355 0.016053 0.033670
0 0.523607 0.336106 0.008792 0.021364
0 0.558876 0.494382 0.031236 0.026959
0 0.552338 0.422235 0.029786 0.025838
0 0.715026 0.519604 0.056008 0.041390
0 0.842918 0.480398 0.019614 0.041497
0 0.492007 0.527378 0.028403 0.019127
0 0.497092 0.482077 0.025500 0.022485
1 0.450599 0.291360 0.041481 0.095192
1 0.493822 0.414962 0.058189 0.080650
