0 0.534885 0.783559 0.071192 0.083892
0 0.449164 0.771202 0.100250 0.075056
0 0.025172 0.527408 0.050344 0.065997
0 0.218881 0.315999 0.059567 0.030201
1 0.533760 0.430094 0.131558 0.195749
0 0.356181 0.255541 0.072644 0.043734
0 0.230504 0.304814 0.063925 0.039149
0 0.686676 0.411580 0.040753 0.062750
0 0.630376 0.425002 0.041481 0.082887
0 0.496711 0.317620 0.018233 0.035907
0 0.432821 0.305877 0.055936 0.061634
0 0.558132 0.497149 0.027603 0.059397
0 0.590424 0.470306 0.086519 0.101903
0 0.655112 0.618516 0.063203 0.073935
0 0.646758 0.722038 0.046494 0.054812
0 0.601319 0.725898 0.064728 0.051565
