4 0.951314 0.805749 0.055633 0.065321
4 0.795890 0.696529 0.034075 0.037481
4 0.899158 0.677254 0.066761 0.037476
4 0.972176 0.643527 0.051458 0.034264
4 0.966961 0.420751 0.047983 0.047224
4 0.944708 0.463045 0.043811 0.039726
4 0.901593 0.479643 0.057719 0.032228
4 0.929060 0.550314 0.065369 0.053648
4 0.882121 0.554598 0.054936 0.040796
4 0.822662 0.532111 0.052853 0.047224
4 0.773636 0.499506 0.056328 0.028909
4 0.797975 0.477019 0.067456 0.028914
4 0.675585 0.701294 0.057719 0.034376
4 0.711050 0.525205 0.073017 0.041762
4 0.696099 0.545550 0.054242 0.046044
4 0.711049 0.604925 0.061892 0.036514
4 0.594568 0.661193 0.066758 0.058896
4 0.623775 0.566965 0.059806 0.043905
4 0.583442 0.573390 0.051461 0.039619
2 0.834485 0.649897 0.019469 0.027947
2 0.834137 0.544425 0.018775 0.020449
4 0.834485 0.697010 0.022253 0.025808
