3 0.626968 0.173462 0.039003 0.029517
3 0.968463 0.391394 0.058092 0.033225
3 0.399583 0.552975 0.030706 0.029517
3 0.433607 0.603512 0.047303 0.040890
3 0.477590 0.543456 0.040664 0.020445
3 0.377176 0.590032 0.078836 0.034632
3 0.395433 0.574059 0.019089 0.023131
3 0.337342 0.598338 0.042322 0.025684
3 0.172196 0.518473 0.014108 0.029521
3 0.075517 0.530614 0.034856 0.025684
3 0.443151 0.716536 0.054769 0.037186
3 0.672196 0.732509 0.064731 0.023127
3 0.260579 0.153080 0.043153 0.034500
3 0.360994 0.223360 0.026556 0.031946
