2 0.526560 0.588180 0.075508 0.066446
0 0.521160 0.415034 0.056431 0.088169
0 0.210786 0.647534 0.068050 0.072964
0 0.085060 0.687784 0.058919 0.071685
0 0.149790 0.558725 0.032364 0.125355
0 0.022821 0.450175 0.045642 0.061334
0 0.040247 0.865402 0.080494 0.048683
0 0.022819 0.811159 0.042322 0.065167
0 0.133607 0.866679 0.097925 0.076796
0 0.225724 0.782344 0.079669 0.076801
0 0.112031 0.934470 0.033194 0.038332
2 0.566803 0.443082 0.092944 0.065299
2 0.623235 0.510167 0.076347 0.071685
2 0.431118 0.639228 0.035686 0.066574
2 0.414936 0.502502 0.046472 0.081908
2 0.368463 0.493618 0.033197 0.063892
2 0.295433 0.844957 0.076350 0.071685
2 0.514106 0.742094 0.034022 0.052519
2 0.622404 0.715259 0.076347 0.065299
2 0.696263 0.741452 0.069708 0.056352
2 0.731947 0.478924 0.028217 0.044726
2 0.609542 0.602810 0.058922 0.080633
2 0.606636 0.591948 0.082989 0.043571
2 0.641492 0.802149 0.069711 0.060184
2 0.628214 0.859716 0.069711 0.080500
2 0.587550 0.922331 0.063072 0.057502
2 0.048961 0.599040 0.019917 0.060056
