0 0.705106 0.319840 0.046083 0.025051
0 0.771865 0.563849 0.020158 0.055988
0 0.768625 0.436606 0.017567 0.039021
0 0.818857 0.433612 0.031175 0.039021
0 0.783532 0.370237 0.043492 0.028045
0 0.756667 0.386704 0.018150 0.045009
0 0.726528 0.415648 0.008428 0.021056
0 0.711913 0.401176 0.011731 0.040017
0 0.744968 0.370237 0.007842 0.022057
0 0.727176 0.373283 0.038242 0.021955
0 0.729444 0.351824 0.032406 0.022956
0 0.761203 0.336356 0.035000 0.023952
0 0.684689 0.332812 0.009139 0.027044
0 0.698949 0.347782 0.010436 0.019063
0 0.658149 0.391245 0.028519 0.029940
0 0.646157 0.330368 0.011019 0.029940
0 0.646157 0.300926 0.011019 0.028944
0 0.683750 0.270986 0.033056 0.028944
0 0.708671 0.288402 0.015619 0.022057
0 0.699954 0.288402 0.011019 0.030038
0 0.722282 0.305866 0.029881 0.019063
0 0.840893 0.346786 0.035064 0.033033
0 0.756018 0.299380 0.024631 0.030043
