4 0.091990 0.785907 0.039536 0.122857
4 0.738518 0.366296 0.222964 0.099803
4 0.680801 0.111255 0.151731 0.050997
4 0.281250 0.100778 0.031761 0.032036
4 0.160694 0.180169 0.128983 0.124752
4 0.188242 0.494040 0.132222 0.115770
4 0.381065 0.394189 0.100464 0.089919
4 0.626681 0.458561 0.254789 0.102896
4 0.523333 0.423182 0.130928 0.075851
4 0.610800 0.635708 0.300806 0.291518
4 0.535649 0.655667 0.072592 0.069957
4 0.467268 0.690597 0.213242 0.143811
4 0.226774 0.674132 0.227564 0.178743
4 0.134121 0.612752 0.109536 0.081938
4 0.027037 0.594290 0.054075 0.136826
4 0.251435 0.782962 0.058981 0.070860
