4 0.192129 0.302374 0.211297 0.077947
4 0.184967 0.233013 0.141361 0.086925
4 0.076296 0.389748 0.152592 0.104790
4 0.191772 0.611756 0.096639 0.099902
4 0.172685 0.739998 0.164631 0.120860
4 0.338288 0.866796 0.179536 0.110778
4 0.435476 0.754470 0.215897 0.127844
4 0.362236 0.627772 0.068122 0.149701
4 0.241712 0.441595 0.248242 0.124850
4 0.663982 0.642744 0.133519 0.189619
4 0.925324 0.517494 0.149353 0.210582
4 0.974260 0.410207 0.051481 0.093811
4 0.920647 0.171634 0.143889 0.109880
4 0.196018 0.360308 0.084258 0.051899
