4 0.205417 0.433112 0.039539 0.042015
4 0.149643 0.407665 0.013675 0.017066
4 0.087454 0.418640 0.042131 0.023054
4 0.536296 0.306865 0.103703 0.092917
4 0.548903 0.350329 0.035711 0.017964
4 0.561250 0.389200 0.027872 0.018067
4 0.574213 0.421138 0.030464 0.026048
4 0.593982 0.455618 0.057036 0.034932
4 0.498347 0.411704 0.044789 0.040920
4 0.519444 0.474581 0.019444 0.044910
4 0.543750 0.489998 0.034350 0.030038
4 0.406633 0.395237 0.067472 0.055890
4 0.278625 0.315896 0.070711 0.096805
4 0.198579 0.318343 0.042842 0.036027
4 0.674675 0.287404 0.064167 0.057981
4 0.782917 0.144192 0.154906 0.112874
4 0.826343 0.186606 0.077131 0.087926
4 0.870742 0.204568 0.058333 0.061976
4 0.955000 0.153670 0.062222 0.073952
4 0.500972 0.247981 0.069350 0.064970
4 0.974583 0.299380 0.050833 0.044012
4 0.897314 0.412156 0.042778 0.032036
1 0.704815 0.315847 0.142592 0.126843
1 0.858425 0.509012 0.171111 0.065868
4 0.341528 0.442094 0.103056 0.059979
4 0.242653 0.487004 0.038956 0.016069
4 0.262129 0.482562 0.012964 0.044910
4 0.265986 0.527923 0.025989 0.018062
4 0.237176 0.529919 0.023981 0.018067
4 0.153240 0.590299 0.036297 0.023054
4 0.135417 0.560359 0.070650 0.041018
4 0.157453 0.449581 0.052500 0.041018
4 0.206389 0.466048 0.090739 0.061976
4 0.041436 0.520937 0.068056 0.044012
4 0.016667 0.429121 0.033333 0.022057
4 0.052421 0.361255 0.039603 0.024050
