0 0.900231 0.558860 0.025278 0.022057
0 0.701899 0.470537 0.038242 0.025051
0 0.743996 0.452074 0.017564 0.026048
0 0.750153 0.483013 0.027289 0.024050
0 0.824722 0.529968 0.042778 0.025950
0 0.814676 0.544940 0.031758 0.023952
0 0.866853 0.538950 0.042778 0.027943
0 0.854538 0.373231 0.033703 0.022057
0 0.990139 0.275428 0.019722 0.022053
0 0.979121 0.479519 0.041758 0.025051
0 0.938115 0.465599 0.045436 0.038922
0 0.995324 0.449579 0.009353 0.037027
0 0.922593 0.520438 0.044075 0.033033
0 0.925800 0.578822 0.013028 0.034033
0 0.940093 0.628223 0.032408 0.021056
0 0.965694 0.627725 0.017500 0.020060
0 0.936819 0.678621 0.025989 0.024050
0 0.806899 0.494538 0.038242 0.020958
0 0.825986 0.480518 0.011733 0.023054
0 0.523333 0.455567 0.045372 0.019063
