4 0.504829 0.448084 0.021453 0.044012
4 0.194074 0.424630 0.036297 0.045009
4 0.141897 0.472583 0.033056 0.026946
4 0.133115 0.531467 0.022103 0.026946
4 0.068949 0.507513 0.092103 0.066865
4 0.082885 0.594341 0.072008 0.050898
4 0.053718 0.435657 0.029231 0.022956
4 0.420926 0.385257 0.010369 0.023952
4 0.525278 0.379271 0.041483 0.021955
4 0.494135 0.357763 0.011731 0.035030
4 0.638347 0.450627 0.044789 0.048901
1 0.639028 0.322385 0.156206 0.093811
1 0.856481 0.445088 0.101111 0.083931
4 0.696681 0.311405 0.037011 0.021955
4 0.803625 0.169140 0.083678 0.052994
4 0.961621 0.186655 0.076758 0.057887
4 0.934550 0.263501 0.100528 0.037926
4 0.920939 0.315398 0.061639 0.021959
4 0.806218 0.318343 0.126453 0.063973
4 0.588764 0.408710 0.108956 0.054889
4 0.429319 0.290398 0.042844 0.085928
4 0.417328 0.225526 0.046083 0.038024
4 0.353810 0.362254 0.043492 0.030043
