4 0.046157 0.379720 0.092314 0.132836
4 0.020232 0.496985 0.040464 0.149803
4 0.018935 0.575828 0.037869 0.040021
4 0.311713 0.155169 0.209353 0.086925
4 0.241712 0.226525 0.147131 0.153794
4 0.376819 0.310406 0.151733 0.101796
4 0.574536 0.402722 0.163333 0.084829
4 0.811758 0.681166 0.202222 0.198601
4 0.694736 0.757464 0.231456 0.129837
4 0.439075 0.509510 0.093333 0.048901
4 0.470153 0.562404 0.204878 0.086826
4 0.276356 0.635757 0.164694 0.083832
4 0.304260 0.756467 0.235925 0.139820
4 0.053288 0.863751 0.106575 0.080941
