4 0.685319 0.311531 0.089706 0.096476
4 0.674193 0.321702 0.128653 0.082558
4 0.620994 0.278924 0.075106 0.065317
4 0.567447 0.285832 0.047289 0.042938
4 0.686015 0.441685 0.078581 0.080308
4 0.513900 0.353291 0.116828 0.075060
4 0.490604 0.903135 0.130042 0.063285
4 0.563275 0.678809 0.090406 0.085770
4 0.932885 0.225870 0.121697 0.055787
4 0.675583 0.230686 0.054939 0.041869
4 0.738171 0.225922 0.102225 0.072810
4 0.196793 0.430924 0.050069 0.058999
4 0.438449 0.450197 0.092492 0.076133
4 0.418631 0.228011 0.100139 0.064354
