4 0.227129 0.588302 0.059631 0.056989
4 0.081621 0.203122 0.097869 0.066869
4 0.054399 0.283460 0.053797 0.041916
4 0.016018 0.338852 0.032036 0.094812
4 0.126958 0.377273 0.082378 0.055890
4 0.127964 0.364249 0.120556 0.065967
4 0.073194 0.438653 0.062872 0.116766
4 0.183379 0.481018 0.109536 0.073952
4 0.260833 0.486056 0.085556 0.037921
4 0.399212 0.499530 0.093981 0.062874
4 0.559306 0.650727 0.125094 0.071856
4 0.754722 0.604818 0.108889 0.069859
4 0.836712 0.678672 0.049908 0.055890
4 0.566403 0.723033 0.134233 0.074953
4 0.700926 0.804919 0.134814 0.052891
4 0.796528 0.838852 0.100461 0.052896
4 0.831851 0.921136 0.127036 0.048003
4 0.797825 0.942143 0.110833 0.023952
4 0.590417 0.834808 0.105650 0.064970
4 0.361264 0.678623 0.088211 0.055988
4 0.089042 0.556367 0.105067 0.049003
4 0.052453 0.574331 0.033056 0.031039
4 0.009538 0.682115 0.019075 0.039021
4 0.142546 0.686157 0.128981 0.040920
4 0.164907 0.727074 0.141297 0.052891
4 0.180431 0.769489 0.125806 0.043914
4 0.104921 0.815398 0.091453 0.045911
4 0.030926 0.871236 0.061853 0.063969
4 0.328242 0.824829 0.120556 0.066963
