2 0.568047 0.681394 0.032367 0.081908
2 0.529874 0.571503 0.020747 0.046129
2 0.474272 0.623255 0.065561 0.062737
2 0.448131 0.753018 0.086306 0.079226
0 0.309126 0.630346 0.105392 0.097117
2 0.577176 0.931272 0.077181 0.042169
2 0.598339 0.882079 0.068050 0.074115
2 0.630288 0.726118 0.053942 0.046129
2 0.650206 0.752953 0.072200 0.064016
2 0.634024 0.487166 0.071369 0.066574
2 0.650206 0.533807 0.078839 0.055073
2 0.623233 0.566392 0.019917 0.056352
0 0.044396 0.656478 0.075519 0.055077
0 0.315765 0.673090 0.065558 0.044855
0 0.140247 0.633477 0.076350 0.034628
