4 0.702010 0.603370 0.074408 0.041762
4 0.712093 0.506465 0.041725 0.057823
4 0.750340 0.485533 0.058414 0.061142
4 0.722524 0.539607 0.072325 0.042934
4 0.694011 0.579763 0.055633 0.024735
4 0.530939 0.712536 0.068844 0.033302
4 0.627600 0.596893 0.042422 0.044008
4 0.241647 0.590468 0.067456 0.039722
4 0.294846 0.608672 0.066758 0.033298
4 0.386293 0.600642 0.082753 0.034371
4 0.442274 0.668099 0.069542 0.030090
4 0.511814 0.624198 0.076494 0.034376
4 0.562232 0.535323 0.059108 0.062211
4 0.484344 0.564288 0.079972 0.036403
4 0.490257 0.470060 0.062586 0.040693
4 0.541718 0.495222 0.018081 0.076022
4 0.651939 0.406828 0.075800 0.030090
4 0.631076 0.741450 0.074408 0.046151
4 0.625514 0.674577 0.063283 0.042831
4 0.727392 0.639187 0.016689 0.064354
2 0.029894 0.463099 0.043117 0.033195
4 0.594221 0.833533 0.074408 0.039726
4 0.069535 0.574942 0.077886 0.032228
4 0.158546 0.666493 0.070931 0.041865
4 0.360214 0.895158 0.072322 0.023559
4 0.264943 0.652038 0.065369 0.038653
4 0.305278 0.704559 0.063978 0.066390
4 0.445750 0.734008 0.070933 0.031052
4 0.404374 0.814316 0.034075 0.067459
4 0.392553 0.869942 0.047983 0.050432
