0 0.535975 0.494914 0.041406 0.039264
2 0.179253 0.840552 0.069083 0.052686
2 0.659799 0.501067 0.059642 0.053802
2 0.725543 0.375227 0.050197 0.043738
2 0.561401 0.873548 0.074825 0.062750
2 0.585010 0.893685 0.056664 0.040381
2 0.671785 0.713595 0.026953 0.053802
2 0.647122 0.729870 0.084994 0.057044
2 0.633283 0.583839 0.064728 0.058276
2 0.687403 0.593907 0.055283 0.040381
2 0.433872 0.864042 0.018961 0.050445
0 0.095711 0.672207 0.051650 0.056039
0 0.281719 0.614042 0.076278 0.089598
2 0.465474 0.532385 0.073442 0.053802
0 0.572261 0.375227 0.082161 0.066108
0 0.548289 0.584399 0.021139 0.032553
0 0.088847 0.944076 0.058117 0.017896
2 0.228651 0.457442 0.035669 0.076176
2 0.274054 0.476456 0.053831 0.044855
0 0.805814 0.396480 0.052378 0.059393
1 0.044060 0.372487 0.088119 0.082776
2 0.365224 0.493236 0.038575 0.076172
2 0.472774 0.502744 0.074825 0.061630
