0 0.426111 0.466048 0.066111 0.067964
0 0.343440 0.488501 0.052564 0.060979
0 0.352546 0.433114 0.039536 0.038024
0 0.286760 0.401176 0.051853 0.059983
0 0.229399 0.463054 0.042131 0.067964
0 0.496435 0.566347 0.077131 0.035030
0 0.494815 0.625727 0.044075 0.077947
0 0.522004 0.679121 0.068769 0.033033
0 0.485740 0.784459 0.076481 0.049902
0 0.589087 0.772434 0.020158 0.065971
0 0.693472 0.743041 0.066761 0.068862
0 0.699954 0.845338 0.081019 0.037921
0 0.641619 0.869790 0.083611 0.062874
0 0.817917 0.886707 0.039539 0.058982
0 0.897962 0.762453 0.057036 0.051997
0 0.984629 0.722534 0.030742 0.063973
