2 0.551558 0.654309 0.036394 0.029192
4 0.688129 0.729254 0.014603 0.033666
4 0.822160 0.728135 0.056008 0.029196
4 0.868653 0.691781 0.061822 0.030312
4 0.738654 0.602855 0.058842 0.035907
4 0.660197 0.637532 0.057389 0.029196
4 0.569392 0.603976 0.051578 0.040381
4 0.554100 0.575451 0.038572 0.032553
4 0.616939 0.554254 0.055283 0.030201
4 0.599503 0.517286 0.039300 0.030312
4 0.613706 0.505036 0.042861 0.052571
4 0.565360 0.503918 0.049469 0.036912
4 0.524679 0.523437 0.034942 0.026959
4 0.516325 0.500507 0.056011 0.032553
4 0.542514 0.458058 0.045767 0.027964
4 0.482218 0.443516 0.039953 0.027964
4 0.449892 0.498830 0.033417 0.035907
4 0.448039 0.521202 0.069083 0.038144
4 0.377247 0.488762 0.039228 0.038139
4 0.390322 0.523997 0.036322 0.032553
4 0.372524 0.544746 0.047219 0.024607
4 0.284225 0.537419 0.017506 0.034786
4 0.303149 0.496031 0.061019 0.032549
4 0.987919 0.704645 0.024161 0.024722
0 0.717187 0.918849 0.032036 0.070582
2 0.749151 0.813706 0.018958 0.025838
2 0.801129 0.863482 0.039953 0.026955
2 0.816021 0.799164 0.045042 0.032553
2 0.673601 0.715272 0.011697 0.025838
2 0.692489 0.777913 0.040756 0.028075
