4 0.243181 0.581657 0.098144 0.062639
4 0.365224 0.630259 0.095236 0.072819
4 0.291889 0.620753 0.055939 0.035902
4 0.149469 0.453024 0.079256 0.145415
4 0.158224 0.743236 0.119864 0.106377
4 0.234100 0.725898 0.056733 0.035902
4 0.244669 0.871871 0.103883 0.068345
4 0.395008 0.785182 0.066178 0.062750
4 0.324215 0.691277 0.149647 0.058165
4 0.706292 0.696814 0.052378 0.042618
4 0.623476 0.620753 0.053831 0.058281
4 0.651844 0.557051 0.055211 0.033554
4 0.727394 0.436245 0.021794 0.051454
4 0.655076 0.428360 0.047292 0.049328
4 0.766622 0.430597 0.024700 0.053802
1 0.814894 0.804254 0.029856 0.203580
4 0.715010 0.539153 0.032036 0.055928
4 0.624965 0.522934 0.047947 0.032438
4 0.730301 0.584949 0.068286 0.038161
4 0.779699 0.625227 0.077003 0.053807
4 0.835272 0.458000 0.023972 0.034786
4 0.291126 0.930652 0.105408 0.042502
4 0.799276 0.701290 0.055281 0.038139
1 0.756451 0.760015 0.043586 0.204812
