4 0.194399 0.655169 0.131575 0.072956
4 0.390139 0.309361 0.058983 0.048003
4 0.489629 0.296386 0.032408 0.059983
4 0.710972 0.566895 0.121206 0.113772
4 0.892778 0.602823 0.040183 0.067861
4 0.573532 0.685607 0.126453 0.111873
4 0.362917 0.637703 0.140650 0.075945
4 0.341851 0.447085 0.075186 0.069962
4 0.219643 0.271435 0.024047 0.048003
4 0.091635 0.333811 0.124508 0.068965
4 0.034597 0.408163 0.042844 0.065967
4 0.165847 0.436604 0.064233 0.094910
4 0.210278 0.415648 0.029817 0.074949
4 0.171357 0.521985 0.124508 0.065868
4 0.217407 0.534908 0.032408 0.059979
4 0.091343 0.610757 0.092686 0.069957
4 0.025093 0.685607 0.050186 0.046005
4 0.891482 0.853272 0.141297 0.067964
4 0.710972 0.917194 0.101761 0.051899
4 0.752454 0.739050 0.109536 0.060881
4 0.621528 0.860806 0.100461 0.046908
4 0.536621 0.774487 0.123797 0.051882
4 0.279953 0.903172 0.122500 0.099902
4 0.100417 0.903721 0.104350 0.034927
4 0.095881 0.930667 0.126389 0.044910
4 0.076435 0.812853 0.108242 0.043011
4 0.225153 0.820836 0.151733 0.092913
4 0.313625 0.757457 0.122567 0.101912
