2 0.584231 0.439887 0.087967 0.066574
2 0.665974 0.493618 0.053942 0.061334
0 0.137342 0.913961 0.039006 0.074243
0 0.507882 0.408580 0.056431 0.078075
2 0.501657 0.677562 0.068881 0.064021
2 0.620744 0.507611 0.074689 0.066574
2 0.500828 0.569010 0.029044 0.056223
2 0.428212 0.632201 0.078008 0.060184
2 0.614521 0.612393 0.062242 0.079354
2 0.605807 0.596420 0.084647 0.037186
2 0.582986 0.701841 0.072200 0.069132
2 0.570536 0.805408 0.077178 0.081784
2 0.530289 0.913959 0.074689 0.079354
2 0.592114 0.919136 0.060583 0.063892
2 0.275517 0.847513 0.069711 0.071689
0 0.182992 0.565751 0.067206 0.108747
0 0.218256 0.814290 0.086306 0.089572
0 0.147715 0.723565 0.084647 0.053794
0 0.096264 0.683313 0.061411 0.042297
0 0.088794 0.843680 0.086306 0.056352
0 0.136926 0.765094 0.031536 0.075518
0 0.018669 0.872429 0.035683 0.047408
0 0.035267 0.777872 0.065561 0.062742
