0 0.736511 0.323030 0.112033 0.065171
0 0.299168 0.805984 0.093775 0.055073
2 0.064314 0.866041 0.118672 0.080629
2 0.081740 0.684656 0.115353 0.085616
2 0.455185 0.527419 0.042325 0.095967
2 0.192528 0.745351 0.122822 0.086895
2 0.888379 0.650729 0.035686 0.140689
2 0.727383 0.548503 0.070539 0.112575
2 0.686304 0.560642 0.131119 0.147074
2 0.679251 0.421358 0.045642 0.101074
2 0.365558 0.646255 0.113694 0.083186
2 0.217011 0.356893 0.037344 0.130338
2 0.445640 0.411136 0.112864 0.090851
2 0.256015 0.282716 0.040664 0.081908
