3 0.430289 0.659036 0.037344 0.039739
3 0.451450 0.479564 0.041494 0.043447
3 0.290868 0.474453 0.080497 0.048554
3 0.204562 0.490426 0.088797 0.065171
3 0.097093 0.649450 0.069708 0.061467
3 0.020331 0.659673 0.040661 0.038464
3 0.013276 0.483332 0.024897 0.041018
3 0.224893 0.646895 0.117842 0.076801
3 0.073857 0.741454 0.031536 0.030796
3 0.203732 0.809179 0.035686 0.053798
3 0.297093 0.815567 0.071369 0.048687
3 0.708297 0.761260 0.029044 0.032074
3 0.838588 0.491702 0.073858 0.034500
3 0.398337 0.623959 0.038175 0.033221
