3 0.605807 0.491065 0.018258 0.030667
3 0.741076 0.450173 0.038175 0.025556
3 0.806222 0.192628 0.035683 0.034632
3 0.481740 0.306993 0.040664 0.033353
3 0.285060 0.262271 0.045642 0.020573
3 0.360993 0.558086 0.031536 0.021852
3 0.654769 0.522305 0.038172 0.037186
3 0.748129 0.508251 0.034025 0.024405
3 0.379251 0.121133 0.023236 0.024277
3 0.518256 0.900543 0.043983 0.024405
3 0.902903 0.714619 0.039833 0.020573
3 0.805807 0.710787 0.011619 0.020573
3 0.683400 0.344050 0.015767 0.030796
3 0.753940 0.694876 0.020747 0.024277
