4 0.596250 0.362303 0.042128 0.015967
4 0.661713 0.458062 0.049908 0.030043
4 0.644536 0.537953 0.042778 0.031938
4 0.639351 0.597284 0.040186 0.027049
4 0.736574 0.694140 0.063519 0.026946
4 0.715185 0.649731 0.051853 0.023952
4 0.757315 0.605817 0.041481 0.027947
4 0.787454 0.644239 0.042131 0.020958
4 0.878194 0.652224 0.047317 0.024953
4 0.772222 0.547434 0.049261 0.044910
4 0.823750 0.523482 0.040833 0.022951
4 0.743056 0.499031 0.047961 0.031938
4 0.730417 0.410207 0.048611 0.019962
4 0.788750 0.392246 0.034350 0.017964
4 0.706435 0.367793 0.047314 0.020958
4 0.639353 0.335858 0.035000 0.022956
4 0.649075 0.384709 0.035000 0.015073
4 0.478903 0.513950 0.037011 0.042015
4 0.558658 0.590349 0.052500 0.046908
4 0.536944 0.562902 0.051850 0.019962
4 0.554119 0.530468 0.048611 0.030937
4 0.559954 0.492044 0.055092 0.043909
4 0.572592 0.462104 0.046667 0.045911
4 0.600786 0.438152 0.036944 0.041916
