0 0.605972 0.372733 0.039539 0.033037
0 0.594306 0.328323 0.018794 0.032036
0 0.445199 0.263452 0.031825 0.026048
0 0.514260 0.255468 0.040186 0.022057
0 0.664272 0.384211 0.026639 0.028045
0 0.678889 0.371734 0.014261 0.025051
0 0.933936 0.220038 0.040833 0.021061
0 0.844167 0.237504 0.020739 0.022057
0 0.465940 0.297883 0.017564 0.025047
0 0.508069 0.287902 0.029233 0.015068
0 0.494133 0.291396 0.013028 0.028045
0 0.498056 0.304919 0.025928 0.016963
0 0.535615 0.346285 0.011731 0.016069
0 0.541449 0.278920 0.037658 0.021056
0 0.473393 0.275428 0.022103 0.026048
0 0.587468 0.399679 0.031175 0.025047
0 0.592004 0.383212 0.025992 0.020060
0 0.610800 0.338351 0.036361 0.021955
