0 0.787131 0.493041 0.019444 0.017964
0 0.562546 0.465098 0.020092 0.017964
0 0.584260 0.451625 0.047964 0.024953
0 0.623147 0.476076 0.038889 0.021955
0 0.649399 0.476076 0.026575 0.015967
0 0.652639 0.492044 0.039539 0.019957
0 0.657176 0.509459 0.034353 0.015068
0 0.683426 0.508011 0.022036 0.017964
0 0.677917 0.480567 0.039539 0.028944
0 0.714213 0.508512 0.049908 0.026946
0 0.718426 0.486555 0.051853 0.022956
0 0.738194 0.466595 0.049906 0.024953
0 0.682129 0.454619 0.049258 0.028939
0 0.736574 0.408163 0.041481 0.036027
0 0.753426 0.539949 0.049258 0.029940
0 0.813704 0.499530 0.044075 0.024953
0 0.802685 0.445139 0.045369 0.021955
0 0.854214 0.448631 0.040833 0.024953
0 0.913518 0.442643 0.053147 0.022951
0 0.949167 0.487553 0.057039 0.028939
0 0.915787 0.542444 0.047314 0.036925
0 0.866528 0.590847 0.034350 0.025945
0 0.898935 0.318343 0.022686 0.028045
