4 0.515271 0.445137 0.034869 0.024722
4 0.491263 0.463035 0.048019 0.033666
4 0.485124 0.573828 0.044314 0.029085
4 0.423739 0.611300 0.050850 0.036912
4 0.352911 0.607945 0.060294 0.034675
4 0.361228 0.570417 0.055283 0.033666
4 0.330390 0.534621 0.055936 0.031433
4 0.331444 0.503304 0.061094 0.026959
4 0.398642 0.467509 0.048744 0.029192
4 0.429878 0.486525 0.050200 0.024718
4 0.678360 0.658281 0.066108 0.021249
4 0.755726 0.652072 0.056664 0.031433
4 0.712865 0.681715 0.037775 0.048212
4 0.820343 0.622990 0.023319 0.026955
4 0.874464 0.655986 0.032761 0.025838
4 0.861385 0.686758 0.061825 0.033653
4 0.833056 0.718122 0.031311 0.046980
4 0.827282 0.793627 0.055936 0.027964
4 0.922774 0.746031 0.037847 0.047092
4 0.965307 0.701290 0.055936 0.042613
4 0.993006 0.615774 0.013989 0.023490
0 0.523990 0.802577 0.068286 0.039149
2 0.412442 0.710796 0.045839 0.023601
2 0.500743 0.617453 0.037775 0.033554
1 0.169083 0.677241 0.042933 0.032549
2 0.986467 0.722543 0.027067 0.024718
2 0.936211 0.806993 0.048744 0.032549
2 0.469869 0.661580 0.039956 0.025838
4 0.523989 0.595642 0.036322 0.023490
4 0.554863 0.677855 0.050125 0.033554
4 0.632956 0.686805 0.055211 0.026843
4 0.642000 0.645361 0.060367 0.029192
