0 0.611157 0.251476 0.046019 0.042019
0 0.624411 0.308860 0.040250 0.049003
0 0.651343 0.266944 0.034353 0.043015
0 0.609212 0.173631 0.042131 0.040017
0 0.619907 0.232513 0.051853 0.024050
0 0.599490 0.254968 0.049908 0.039021
0 0.581310 0.295888 0.024047 0.033033
0 0.557653 0.260956 0.049322 0.039021
0 0.779351 0.498980 0.044075 0.063973
0 0.547315 0.229519 0.047964 0.024050
0 0.429319 0.174630 0.041544 0.046009
0 0.474399 0.159660 0.038242 0.046009
0 0.443903 0.100278 0.044789 0.029042
0 0.627976 0.356266 0.051269 0.032036
0 0.699629 0.294388 0.036297 0.050000
0 0.725524 0.323830 0.015619 0.039021
0 0.789722 0.328321 0.041483 0.059979
0 0.741403 0.384709 0.043489 0.054987
0 0.700244 0.332314 0.032472 0.048007
0 0.683069 0.370736 0.039600 0.052994
0 0.477282 0.254968 0.042842 0.045009
0 0.707375 0.378221 0.029878 0.044012
