4 0.759322 0.400451 0.049472 0.082776
4 0.638732 0.257275 0.065453 0.051454
4 0.397551 0.406604 0.029131 0.050334
4 0.389596 0.350115 0.078458 0.073824
4 0.349242 0.281826 0.037122 0.076176
4 0.310014 0.296367 0.069083 0.049328
4 0.416474 0.306995 0.068286 0.050449
4 0.389196 0.181715 0.095236 0.090719
4 0.519629 0.277911 0.029058 0.054923
4 0.519594 0.195697 0.064000 0.089598
2 0.763317 0.616837 0.042933 0.039260
2 0.499617 0.520639 0.051650 0.025838
2 0.418254 0.609566 0.031308 0.044855
2 0.464021 0.619632 0.024047 0.042618
4 0.447711 0.417177 0.078456 0.064979
2 0.460388 0.858447 0.047292 0.052686
4 0.510550 0.486525 0.048672 0.058276
4 0.541750 0.459119 0.028406 0.043738
4 0.400493 0.608505 0.068286 0.026848
4 0.376157 0.554254 0.066108 0.034675
4 0.384837 0.475396 0.067631 0.053691
2 0.502885 0.902633 0.029131 0.073939
4 0.288219 0.132498 0.054556 0.043738
4 0.320547 0.371871 0.056733 0.048208
2 0.740435 0.692900 0.034942 0.045971
