4 0.738292 0.512868 0.049400 0.025727
4 0.744429 0.308672 0.024047 0.022485
4 0.804035 0.343963 0.083542 0.030201
4 0.805851 0.263426 0.062475 0.034679
4 0.608221 0.640943 0.043658 0.038028
4 0.765896 0.529589 0.079908 0.066108
4 0.689219 0.475340 0.061822 0.026959
4 0.698662 0.459735 0.041481 0.060402
4 0.635463 0.519521 0.060369 0.070582
4 0.505065 0.634793 0.116303 0.081655
4 0.074644 0.801459 0.082161 0.070470
4 0.553010 0.583896 0.074169 0.046980
4 0.456029 0.581657 0.111219 0.067113
4 0.558822 0.464769 0.036394 0.023490
4 0.569718 0.441279 0.023319 0.050334
4 0.441138 0.473101 0.065453 0.060513
4 0.351785 0.485964 0.081436 0.045975
4 0.327085 0.617397 0.110492 0.087361
1 0.801456 0.843963 0.027678 0.193512
1 0.786231 0.768963 0.106072 0.061630
1 0.747699 0.710853 0.065453 0.115214
4 0.623112 0.671649 0.067631 0.030312
4 0.566086 0.707496 0.072717 0.128636
4 0.149469 0.883674 0.140278 0.051454
4 0.161456 0.870753 0.081433 0.032549
4 0.700842 0.643180 0.045839 0.044743
