3 0.534022 0.494196 0.065561 0.034628
3 0.640247 0.411200 0.029044 0.039611
3 0.698338 0.464230 0.025725 0.040890
3 0.793774 0.404172 0.077181 0.028114
3 0.409542 0.762603 0.090456 0.042169
3 0.212860 0.756213 0.088797 0.042169
3 0.250621 0.563901 0.104564 0.043447
3 0.118671 0.561343 0.097925 0.043447
3 0.026140 0.440526 0.052281 0.032070
3 0.016181 0.406089 0.030706 0.029388
3 0.137757 0.444998 0.023236 0.038464
3 0.208711 0.477583 0.032367 0.034628
3 0.410371 0.441867 0.073858 0.083058
3 0.285061 0.499305 0.057261 0.021852
3 0.458504 0.432284 0.073858 0.035783
