1 0.133472 0.680169 0.125094 0.090817
4 0.584583 0.261456 0.055094 0.034033
4 0.781587 0.316846 0.048675 0.027044
4 0.562837 0.383713 0.080436 0.058982
4 0.483764 0.374279 0.107656 0.097806
4 0.440338 0.359758 0.025992 0.027044
4 0.324319 0.383713 0.033767 0.047006
4 0.262421 0.413152 0.125158 0.097904
4 0.080940 0.377772 0.040897 0.038922
4 0.010510 0.356766 0.021019 0.023054
4 0.089074 0.402673 0.022036 0.019059
4 0.161667 0.422633 0.025928 0.021056
4 0.087454 0.457564 0.030464 0.027044
4 0.139954 0.456565 0.034353 0.047006
4 0.176218 0.458610 0.035714 0.032934
4 0.167468 0.498033 0.031175 0.047904
4 0.125663 0.515498 0.052564 0.048901
4 0.132824 0.549380 0.051203 0.035030
4 0.169736 0.547932 0.044789 0.027943
4 0.089690 0.493492 0.035064 0.021056
1 0.895046 0.446585 0.093981 0.074949
4 0.537268 0.497981 0.038242 0.032036
4 0.580661 0.515498 0.049972 0.018961
4 0.597222 0.464100 0.047961 0.031938
4 0.549875 0.427173 0.046733 0.023952
