2 0.419085 0.555592 0.024897 0.062613
2 0.546469 0.595143 0.037344 0.039739
2 0.592529 0.611818 0.036514 0.060060
2 0.614106 0.558725 0.018256 0.058905
2 0.619085 0.537641 0.071369 0.072964
2 0.651035 0.525500 0.029047 0.081908
0 0.020331 0.928719 0.030706 0.031946
0 0.345225 0.616865 0.033194 0.055073
0 0.308296 0.524224 0.042325 0.043571
0 0.264728 0.643700 0.026556 0.037186
0 0.191700 0.747267 0.041494 0.088169
0 0.186721 0.577958 0.104564 0.069003
1 0.385060 0.891662 0.102903 0.075393
1 0.673442 0.779149 0.062239 0.057630
2 0.114519 0.899331 0.081328 0.062613
2 0.396263 0.930635 0.080497 0.040894
2 0.553110 0.910190 0.072197 0.074110
2 0.616181 0.779213 0.068878 0.067725
2 0.636097 0.711424 0.065561 0.078075
2 0.642736 0.708869 0.067222 0.052519
2 0.546056 0.744647 0.051450 0.070406
2 0.417425 0.747844 0.069711 0.071685
