0 0.514260 0.675627 0.071297 0.040021
0 0.503565 0.618743 0.039536 0.085928
0 0.499353 0.558909 0.073889 0.035928
0 0.422547 0.466046 0.068056 0.069962
0 0.337639 0.482513 0.058983 0.066967
0 0.355139 0.437605 0.043428 0.035030
0 0.291297 0.401176 0.046667 0.055988
0 0.229399 0.462553 0.047314 0.062977
0 0.497083 0.773482 0.078428 0.039923
0 0.694768 0.760509 0.057686 0.077844
0 0.702869 0.848332 0.081667 0.037921
0 0.810106 0.877224 0.038306 0.067964
0 0.897639 0.738501 0.053794 0.069962
0 0.983333 0.726525 0.033333 0.053991
0 0.646774 0.872733 0.075897 0.054987
0 0.576449 0.761955 0.041547 0.058982
