0 0.669814 0.299331 0.073889 0.036925
0 0.657143 0.354320 0.056453 0.073849
0 0.614399 0.396187 0.065464 0.034033
0 0.580694 0.441097 0.033056 0.051997
0 0.614722 0.484510 0.075183 0.033033
0 0.533379 0.513501 0.070647 0.042913
0 0.471157 0.513003 0.018797 0.033935
0 0.287051 0.541895 0.068119 0.038024
0 0.195369 0.475030 0.054444 0.055988
0 0.081944 0.471035 0.058333 0.026048
0 0.167500 0.554371 0.077778 0.052994
0 0.288381 0.579820 0.075833 0.032036
0 0.406019 0.655667 0.077778 0.032036
0 0.504861 0.644192 0.073239 0.052994
0 0.552500 0.601775 0.077778 0.044012
0 0.490926 0.603770 0.060925 0.030038
0 0.699629 0.649679 0.082964 0.050000
0 0.792963 0.580319 0.086853 0.054991
0 0.830556 0.653672 0.070000 0.040021
0 0.854181 0.542893 0.027933 0.034033
0 0.842222 0.470038 0.018150 0.053995
0 0.858393 0.425629 0.038953 0.064970
0 0.837328 0.340798 0.018861 0.043015
0 0.908010 0.344290 0.038242 0.030043
0 0.898611 0.433612 0.024628 0.043015
0 0.749214 0.405667 0.071944 0.052994
0 0.714538 0.463552 0.082964 0.062973
0 0.659444 0.508460 0.055739 0.082934
0 0.493194 0.325825 0.039539 0.047006
0 0.541157 0.290947 0.061575 0.048901
