1 0.312036 0.539399 0.054444 0.050997
1 0.554768 0.610806 0.109536 0.103794
1 0.826635 0.591796 0.042842 0.067964
1 0.418300 0.663702 0.032472 0.061878
1 0.190476 0.626775 0.040897 0.085825
1 0.229722 0.578321 0.040183 0.027044
1 0.183056 0.577325 0.029817 0.027044
1 0.211217 0.551925 0.042194 0.031933
1 0.167824 0.555417 0.026575 0.034932
1 0.130879 0.572385 0.038242 0.028944
1 0.089722 0.572883 0.037594 0.033935
1 0.105601 0.531916 0.026575 0.044012
1 0.055046 0.625776 0.046019 0.067866
1 0.089397 0.631215 0.056389 0.070958
1 0.102653 0.680618 0.081733 0.042015
1 0.362885 0.590798 0.079786 0.028045
1 0.842838 0.533411 0.042842 0.025051
