0 0.625093 0.263501 0.022036 0.025950
0 0.715476 0.385706 0.012381 0.041018
0 0.701217 0.331814 0.034417 0.047006
0 0.700603 0.329820 0.044722 0.029042
0 0.718069 0.306367 0.016267 0.030038
0 0.720661 0.278422 0.034417 0.030043
0 0.708994 0.253471 0.042194 0.036027
0 0.688903 0.240000 0.009789 0.017066
0 0.679181 0.232515 0.013678 0.026048
0 0.639319 0.201076 0.038956 0.037027
0 0.596218 0.181615 0.044786 0.030038
0 0.596217 0.199579 0.034417 0.028045
0 0.584260 0.208112 0.032408 0.052896
0 0.635464 0.234559 0.027222 0.029940
0 0.646482 0.239050 0.012964 0.020958
0 0.664954 0.245537 0.027869 0.021955
0 0.681482 0.273980 0.022036 0.040920
0 0.660740 0.283462 0.032408 0.045907
0 0.649399 0.287453 0.031758 0.055890
0 0.622500 0.296437 0.033706 0.047904
0 0.602408 0.278471 0.007778 0.021955
0 0.625742 0.338353 0.035000 0.035928
