1 0.267153 0.304198 0.140278 0.109731
1 0.074208 0.765607 0.148417 0.108614
0 0.028804 0.567062 0.057608 0.067228
4 0.280992 0.620811 0.112600 0.105145
4 0.178526 0.666054 0.041481 0.108610
4 0.794917 0.605652 0.127928 0.077293
2 0.600957 0.444579 0.062547 0.101903
2 0.360137 0.257220 0.119936 0.103020
2 0.162908 0.299164 0.088700 0.133221
2 0.061568 0.215832 0.067631 0.109731
2 0.096075 0.442900 0.142456 0.125389
2 0.032074 0.494354 0.064147 0.082883
2 0.369256 0.540216 0.142383 0.158952
2 0.341250 0.426121 0.048744 0.080650
2 0.748425 0.202408 0.024772 0.076176
2 0.976297 0.282387 0.047406 0.099666
