3 0.536097 0.400913 0.068050 0.044855
3 0.469292 0.433499 0.043983 0.033353
3 0.248546 0.556873 0.045642 0.024277
3 0.103317 0.906931 0.057261 0.085744
3 0.209126 0.913961 0.064731 0.061463
3 0.241490 0.913321 0.078008 0.070406
3 0.929458 0.452089 0.018256 0.031946
3 0.612446 0.551762 0.063069 0.016612
3 0.336097 0.684589 0.063072 0.065295
3 0.268047 0.682036 0.019917 0.065295
3 0.185889 0.420081 0.026556 0.032070
3 0.301242 0.435415 0.039833 0.029521
3 0.345226 0.439889 0.051453 0.030796
3 0.397924 0.432222 0.029047 0.035907
