4 0.363692 0.484996 0.134911 0.051506
4 0.464526 0.359716 0.079275 0.049363
4 0.543107 0.255849 0.065369 0.049363
4 0.444013 0.249962 0.098053 0.056861
4 0.271899 0.344726 0.146036 0.113610
4 0.254165 0.291187 0.150903 0.060073
4 0.332399 0.261741 0.089014 0.039726
4 0.261467 0.231223 0.159944 0.051506
4 0.263206 0.807355 0.068844 0.081382
4 0.095611 0.602782 0.118917 0.066497
4 0.533372 0.536931 0.119611 0.080415
4 0.607781 0.663817 0.132128 0.092194
4 0.692969 0.423963 0.128650 0.098618
4 0.808407 0.360250 0.114742 0.054718
4 0.677669 0.346867 0.114744 0.081484
4 0.662371 0.305107 0.057719 0.060068
4 0.845960 0.134852 0.041031 0.051501
4 0.742343 0.291240 0.038247 0.074953
