0 0.611482 0.488052 0.045369 0.033931
0 0.866204 0.757962 0.041481 0.027044
0 0.936819 0.713552 0.046733 0.028045
0 0.962453 0.655169 0.040833 0.025051
0 0.943657 0.630766 0.039536 0.035928
0 0.508393 0.442094 0.029881 0.030038
0 0.713889 0.500030 0.045372 0.023952
0 0.812083 0.533460 0.043428 0.026946
0 0.789722 0.591846 0.036294 0.043914
0 0.681806 0.707115 0.042128 0.042913
0 0.628982 0.720586 0.040186 0.041916
0 0.601436 0.772483 0.040833 0.037926
0 0.550556 0.656217 0.044072 0.042913
0 0.526899 0.740047 0.043425 0.032934
0 0.386250 0.649728 0.042128 0.043914
0 0.367129 0.583862 0.029814 0.035928
0 0.345417 0.627224 0.022683 0.047006
0 0.345383 0.717044 0.026639 0.045013
0 0.412176 0.723531 0.034353 0.042015
0 0.653611 0.529470 0.041483 0.024953
0 0.842871 0.722532 0.032408 0.032036
0 0.762176 0.752973 0.042131 0.029042
