0 0.441018 0.256516 0.032408 0.021955
0 0.666865 0.366247 0.016269 0.016069
0 0.581633 0.338800 0.020806 0.013075
0 0.609828 0.349780 0.011083 0.013075
0 0.614690 0.306865 0.007842 0.015073
0 0.629274 0.304369 0.013675 0.024050
0 0.673703 0.274480 0.031111 0.021955
0 0.634135 0.279919 0.035064 0.017066
0 0.595893 0.264949 0.038953 0.021061
0 0.568671 0.242992 0.025992 0.025051
0 0.531760 0.317344 0.033703 0.018067
0 0.515524 0.274429 0.027286 0.016069
0 0.478288 0.309859 0.026575 0.035030
0 0.485708 0.301873 0.025989 0.023054
0 0.498056 0.287904 0.014261 0.011078
0 0.485708 0.282913 0.023400 0.011078
0 0.481494 0.266993 0.038306 0.020958
0 0.435476 0.294889 0.021453 0.027049
0 0.437097 0.274929 0.027289 0.019063
0 0.371990 0.262953 0.030464 0.033033
0 0.392375 0.281914 0.014322 0.021056
0 0.382653 0.313849 0.045433 0.035030
0 0.390431 0.293890 0.033767 0.019063
