0 0.675000 0.708612 0.020739 0.049902
0 0.605324 0.695586 0.014908 0.032036
0 0.869444 0.683161 0.033706 0.026946
0 0.917699 0.645686 0.017564 0.036027
0 0.925476 0.714050 0.039603 0.023054
0 0.993704 0.678172 0.012592 0.028944
0 0.983843 0.706065 0.023981 0.041018
0 0.816296 0.876726 0.049258 0.025051
0 0.647129 0.290898 0.051853 0.047006
0 0.649399 0.348781 0.042131 0.031035
0 0.599490 0.374230 0.049908 0.028041
0 0.748889 0.456067 0.057039 0.030038
0 0.392407 0.716595 0.047964 0.031933
0 0.453982 0.670637 0.032408 0.030043
0 0.467917 0.705618 0.020094 0.049902
0 0.447792 0.773980 0.024044 0.040920
0 0.382004 0.866247 0.054508 0.028045
0 0.725522 0.830868 0.055806 0.032934
