3 0.338587 0.412414 0.049792 0.032074
3 0.021161 0.698646 0.042322 0.037181
3 0.119500 0.612393 0.074689 0.043571
3 0.084231 0.592652 0.078839 0.054944
3 0.224894 0.600254 0.102906 0.062742
3 0.186306 0.415609 0.037344 0.028242
3 0.307467 0.388135 0.052283 0.032070
3 0.306636 0.423340 0.050622 0.030667
3 0.791699 0.623319 0.058092 0.021719
3 0.615350 0.600317 0.063900 0.047280
3 0.605807 0.377275 0.054769 0.030796
3 0.606221 0.411839 0.053942 0.038332
3 0.972197 0.852624 0.032367 0.046129
3 0.924478 0.481480 0.068050 0.037057
3 0.875515 0.535150 0.071369 0.029393
3 0.811617 0.719731 0.082989 0.048683
