4 0.768008 0.386704 0.184722 0.108884
4 0.445232 0.556367 0.144536 0.122853
4 0.288994 0.595289 0.088861 0.092913
4 0.185325 0.647186 0.099167 0.100898
4 0.785510 0.311854 0.030464 0.090920
4 0.946389 0.479070 0.107222 0.097806
4 0.648101 0.526424 0.049908 0.100898
4 0.693439 0.518441 0.046083 0.080937
4 0.539828 0.653721 0.100528 0.075851
4 0.185940 0.725528 0.087564 0.081938
4 0.037083 0.850327 0.074167 0.093811
4 0.198254 0.485509 0.052564 0.088922
4 0.446853 0.309859 0.105000 0.094910
4 0.685694 0.153174 0.132872 0.124850
4 0.656853 0.251974 0.070000 0.090920
4 0.303287 0.468041 0.131575 0.151796
