4 0.346736 0.591670 0.053756 0.033666
4 0.352914 0.660068 0.032683 0.052575
4 0.313275 0.674525 0.036856 0.045081
4 0.302149 0.719497 0.050764 0.023666
4 0.230868 0.661677 0.052853 0.057930
4 0.847621 0.606771 0.053031 0.030317
4 0.752093 0.593907 0.059569 0.026959
4 0.638406 0.591670 0.076278 0.024718
4 0.636588 0.564825 0.059569 0.029196
4 0.600629 0.562588 0.044314 0.029196
4 0.555953 0.559232 0.052306 0.022485
4 0.512728 0.631938 0.051578 0.022481
4 0.464057 0.639209 0.050125 0.039264
4 0.414296 0.630259 0.052303 0.025838
4 0.436815 0.597263 0.066831 0.042618
4 0.955499 0.732049 0.056664 0.032549
4 0.951867 0.592284 0.055211 0.032438
4 0.945692 0.668852 0.063200 0.029192
4 0.858846 0.718627 0.056736 0.028075
4 0.839631 0.763984 0.028333 0.044743
4 0.811300 0.662699 0.060294 0.048212
4 0.722274 0.633616 0.062547 0.028080
4 0.682318 0.654309 0.018958 0.029192
4 0.654350 0.710237 0.058917 0.035907
4 0.600957 0.701290 0.032036 0.026959
4 0.477824 0.670586 0.056008 0.032438
4 0.825065 0.831044 0.031308 0.035902
4 0.891899 0.861805 0.050197 0.028075
2 0.942749 0.831044 0.044386 0.026955
2 0.910096 0.639209 0.037047 0.037023
0 0.470196 0.761133 0.062547 0.057160
1 0.216665 0.762868 0.059642 0.044743
1 0.149106 0.804814 0.064000 0.052571
2 0.202499 0.621311 0.038575 0.030312
