2 0.709956 0.717175 0.022406 0.048687
0 0.116181 0.573422 0.087967 0.078075
0 0.066803 0.790013 0.037344 0.051240
0 0.078421 0.682737 0.027386 0.033225
0 0.202487 0.792630 0.059753 0.033225
0 0.257674 0.781704 0.040664 0.055077
0 0.375931 0.668616 0.081328 0.056352
2 0.591699 0.574696 0.044814 0.055073
2 0.636097 0.524863 0.072200 0.065295
2 0.470537 0.739600 0.089625 0.080500
2 0.614519 0.761963 0.063900 0.053670
2 0.647715 0.662868 0.015769 0.070406
2 0.565558 0.873772 0.055600 0.077947
2 0.599167 0.926739 0.061411 0.048687
2 0.629458 0.609837 0.055600 0.051240
2 0.469293 0.492917 0.019086 0.049966
2 0.451864 0.638589 0.063900 0.052515
2 0.199997 0.921689 0.073028 0.061334
2 0.600413 0.459055 0.090458 0.071685
