0 0.531726 0.177124 0.022103 0.021056
0 0.547315 0.233561 0.020742 0.031938
0 0.567375 0.130218 0.018211 0.029042
0 0.526865 0.114748 0.012381 0.026048
0 0.502236 0.122784 0.035711 0.035928
0 0.527838 0.150178 0.029881 0.019063
0 0.478579 0.150727 0.027286 0.019957
0 0.462083 0.142744 0.016206 0.013973
0 0.474399 0.121786 0.022686 0.027943
0 0.453657 0.117793 0.020092 0.021959
0 0.447176 0.101824 0.030464 0.021955
0 0.424492 0.119790 0.040833 0.023952
0 0.438750 0.139200 0.033056 0.019059
0 0.409258 0.139750 0.027222 0.015967
0 0.411851 0.158661 0.018147 0.020060
0 0.435510 0.158212 0.034353 0.016963
0 0.458194 0.179669 0.034350 0.033931
0 0.465000 0.160706 0.024628 0.023952
0 0.483149 0.180667 0.016853 0.017964
0 0.492190 0.161707 0.027286 0.011976
0 0.511343 0.177175 0.035647 0.028944
