2 0.639096 0.437868 0.080708 0.068345
2 0.559911 0.491559 0.057461 0.077293
2 0.483307 0.457498 0.092986 0.042506
2 0.331807 0.612363 0.071992 0.063871
0 0.525406 0.556995 0.052378 0.053802
0 0.229378 0.874164 0.021139 0.068234
0 0.023719 0.925562 0.047439 0.054923
0 0.188733 0.720864 0.092261 0.088477
2 0.677596 0.606771 0.061819 0.043738
2 0.624929 0.558674 0.079981 0.066108
2 0.099018 0.848941 0.031964 0.053802
2 0.572299 0.887530 0.064653 0.054923
2 0.492353 0.790216 0.029856 0.088482
2 0.365622 0.780148 0.069739 0.086240
2 0.461115 0.619074 0.071992 0.054923
2 0.495294 0.691781 0.069011 0.068345
0 0.791321 0.343963 0.034869 0.034675
1 0.430604 0.765105 0.071992 0.067113
0 0.754600 0.467004 0.074894 0.034675
