0 0.598810 0.254970 0.027936 0.023054
0 0.591032 0.233013 0.013675 0.019063
0 0.568347 0.234510 0.040900 0.022057
0 0.618935 0.302374 0.034353 0.044012
0 0.577454 0.172633 0.030464 0.036027
0 0.606588 0.211557 0.013675 0.014072
0 0.627653 0.212053 0.015622 0.029042
0 0.531079 0.190098 0.042842 0.045013
0 0.504212 0.168142 0.026575 0.043015
0 0.498379 0.138204 0.030464 0.023054
0 0.478903 0.168642 0.047378 0.040021
0 0.476635 0.215049 0.046731 0.043015
0 0.451032 0.221536 0.039603 0.050000
0 0.387838 0.181116 0.025992 0.035030
0 0.358056 0.148231 0.024628 0.036925
0 0.370661 0.140697 0.014972 0.044012
0 0.398889 0.152673 0.033706 0.036031
0 0.429319 0.134709 0.018211 0.030043
0 0.422514 0.107265 0.024044 0.043015
0 0.442639 0.099780 0.020094 0.034033
