0 0.403718 0.301873 0.021453 0.029042
0 0.578426 0.227023 0.036297 0.035030
0 0.551171 0.272434 0.037658 0.030043
0 0.535649 0.287404 0.024631 0.018067
0 0.573857 0.278471 0.023397 0.009979
0 0.571911 0.290398 0.028583 0.016065
0 0.615694 0.314850 0.035650 0.035030
0 0.533347 0.327325 0.025344 0.022057
0 0.499676 0.293392 0.026575 0.016065
0 0.481851 0.295387 0.024631 0.022057
0 0.481851 0.277923 0.024631 0.013075
0 0.485740 0.256963 0.016853 0.029042
0 0.451389 0.248033 0.025928 0.026946
0 0.454629 0.275428 0.032408 0.020060
0 0.434828 0.263950 0.030528 0.027044
0 0.403717 0.264450 0.042194 0.030038
0 0.406342 0.280967 0.025278 0.026946
0 0.377176 0.273980 0.030464 0.034932
0 0.340522 0.254968 0.036361 0.031039
0 0.318486 0.238003 0.035067 0.027049
0 0.362560 0.314350 0.038953 0.030043
0 0.351897 0.290398 0.029167 0.030043
0 0.308115 0.297883 0.027286 0.029042
0 0.466587 0.329320 0.009786 0.024055
