4 0.802496 0.837817 0.065369 0.061142
2 0.820576 0.550849 0.030597 0.024735
2 0.969742 0.535323 0.039639 0.019380
2 0.974610 0.617774 0.031292 0.025804
2 0.644639 0.489279 0.036161 0.025804
4 0.777461 0.504808 0.015300 0.026878
4 0.729131 0.452874 0.015994 0.021523
4 0.842831 0.392376 0.063978 0.031159
4 0.905068 0.368817 0.034075 0.039722
4 0.966960 0.392374 0.014603 0.039726
4 0.898463 0.424497 0.018081 0.031159
4 0.873775 0.475894 0.027122 0.065423
4 0.843178 0.459887 0.043811 0.026771
4 0.921064 0.478037 0.050767 0.048289
4 0.943664 0.557329 0.076494 0.046044
4 0.847350 0.563700 0.063283 0.039726
4 0.828574 0.595287 0.060503 0.038657
4 0.743733 0.609741 0.060500 0.037583
4 0.748949 0.578689 0.025036 0.035445
4 0.778851 0.667618 0.062586 0.039615
4 0.789283 0.706166 0.043117 0.043905
4 0.823706 0.700759 0.027122 0.063281
4 0.873776 0.663817 0.053547 0.045077
4 0.896376 0.706649 0.059803 0.036514
4 0.945750 0.725385 0.055633 0.058999
2 0.806669 0.497846 0.023644 0.030090
