4 0.611953 0.606583 0.052850 0.037476
4 0.596307 0.374172 0.057719 0.031159
4 0.551453 0.400406 0.051461 0.045081
4 0.550061 0.455605 0.055633 0.028909
4 0.545890 0.481302 0.061197 0.022485
4 0.504512 0.493082 0.057719 0.054607
4 0.461746 0.513373 0.058414 0.033298
4 0.496515 0.553527 0.050069 0.034376
4 0.476697 0.592074 0.047983 0.038657
4 0.614735 0.519797 0.061197 0.029021
4 0.585181 0.576065 0.049372 0.042831
4 0.662718 0.578210 0.052853 0.027840
4 0.724263 0.580885 0.061892 0.026766
4 0.741649 0.601713 0.057719 0.030090
4 0.647072 0.665958 0.067456 0.040796
4 0.812232 0.597429 0.058414 0.027947
4 0.816404 0.519850 0.066758 0.033191
4 0.929061 0.572855 0.051461 0.034264
4 0.940188 0.493028 0.048681 0.029016
4 0.967656 0.465186 0.054939 0.037583
4 0.977044 0.610868 0.044506 0.031052
4 0.835181 0.664940 0.043117 0.044970
4 0.902635 0.782192 0.069542 0.033195
2 0.766682 0.561022 0.036858 0.027947
2 0.855694 0.557275 0.032683 0.033302
2 0.886642 0.570124 0.036161 0.026878
2 0.979131 0.505877 0.038944 0.026878
