4 0.620297 0.541213 0.063978 0.106112
4 0.620993 0.358644 0.097358 0.094337
4 0.491649 0.397192 0.210014 0.092194
4 0.493386 0.491957 0.043811 0.121108
4 0.396029 0.556739 0.232964 0.190706
4 0.224957 0.602248 0.206536 0.172502
4 0.131772 0.400941 0.228789 0.142524
4 0.663761 0.145560 0.156467 0.066493
4 0.438449 0.310462 0.088319 0.077203
4 0.645681 0.611347 0.219056 0.169290
4 0.392899 0.689515 0.214186 0.111467
4 0.665500 0.259063 0.141861 0.068640
4 0.807711 0.243000 0.160639 0.087908
3 0.591788 0.233901 0.161336 0.095406
