0 0.356403 0.273432 0.039600 0.040021
0 0.537268 0.462104 0.053797 0.027947
0 0.513611 0.540947 0.037594 0.021955
0 0.442282 0.555368 0.041547 0.031035
0 0.418982 0.614251 0.047964 0.041018
0 0.275385 0.536903 0.037008 0.020060
0 0.308147 0.381766 0.038889 0.026946
0 0.278949 0.346337 0.038953 0.027943
0 0.248810 0.320387 0.044786 0.019962
0 0.133149 0.746985 0.016853 0.029042
0 0.239121 0.795438 0.038242 0.027943
0 0.332131 0.800428 0.038889 0.029940
0 0.361296 0.731565 0.036297 0.015971
0 0.355463 0.661206 0.025925 0.036929
0 0.428381 0.758512 0.040833 0.039923
0 0.575186 0.804418 0.038889 0.023952
0 0.575185 0.829818 0.044075 0.019063
0 0.639028 0.740547 0.040833 0.027947
0 0.708056 0.747534 0.042778 0.025950
0 0.747917 0.785408 0.027872 0.024050
0 0.748889 0.696587 0.032406 0.026048
0 0.792964 0.726027 0.038889 0.027049
0 0.784861 0.668691 0.036944 0.035928
0 0.765385 0.709110 0.021453 0.022951
0 0.719689 0.651675 0.020806 0.036027
0 0.520740 0.641696 0.036297 0.024050
0 0.395324 0.348781 0.038242 0.033037
0 0.503889 0.328820 0.041483 0.023054
