4 0.932129 0.694140 0.135742 0.084833
4 0.545371 0.105768 0.133519 0.042015
4 0.775462 0.861805 0.242408 0.110778
4 0.803333 0.829320 0.203517 0.185731
4 0.558949 0.813849 0.162103 0.172754
4 0.062361 0.744540 0.124722 0.099799
4 0.303254 0.661157 0.199047 0.138824
4 0.347685 0.370237 0.246297 0.161775
4 0.301018 0.433112 0.203519 0.155787
4 0.217732 0.507464 0.127686 0.054987
4 0.198935 0.552923 0.298797 0.145710
4 0.030740 0.569840 0.047964 0.117866
4 0.016774 0.500030 0.033119 0.047904
4 0.102004 0.349829 0.127103 0.054893
4 0.279272 0.270488 0.081083 0.069863
4 0.150615 0.226027 0.073953 0.072951
4 0.127282 0.147183 0.193214 0.120860
4 0.974907 0.103323 0.050186 0.038922
4 0.982038 0.197633 0.035925 0.067866
4 0.791343 0.487553 0.248242 0.140719
