0 0.231947 0.836078 0.110372 0.081779
2 0.789624 0.621339 0.123653 0.173909
2 0.722819 0.637951 0.039833 0.071685
2 0.696264 0.578531 0.122822 0.121518
2 0.531118 0.707592 0.064731 0.070411
2 0.166389 0.848216 0.037344 0.121394
2 0.079251 0.637312 0.117014 0.083186
2 0.214106 0.681396 0.117844 0.074239
2 0.495018 0.616865 0.121992 0.090855
2 0.536097 0.528056 0.053111 0.127908
2 0.673442 0.475028 0.027383 0.090851
2 0.557260 0.372802 0.034025 0.085740
2 0.521990 0.238629 0.091286 0.080629
0 0.796678 0.317855 0.101244 0.078071
