0 0.332131 0.385757 0.019444 0.026946
0 0.598161 0.162703 0.034417 0.037921
0 0.665569 0.128272 0.037011 0.022951
0 0.628008 0.246035 0.033056 0.026946
0 0.618611 0.305917 0.028517 0.024949
0 0.590740 0.305417 0.024631 0.019962
0 0.583611 0.257515 0.014261 0.017964
0 0.532050 0.271437 0.022750 0.014072
0 0.549583 0.281965 0.009722 0.012973
0 0.518149 0.311405 0.033703 0.021955
0 0.504537 0.347335 0.024631 0.041916
0 0.494492 0.279968 0.013611 0.018961
0 0.471449 0.259957 0.019508 0.023054
0 0.456575 0.260507 0.035000 0.025950
0 0.452361 0.291944 0.035650 0.030937
0 0.389458 0.309908 0.035711 0.028944
0 0.394351 0.367793 0.012964 0.024953
0 0.447825 0.388253 0.021389 0.021955
