4 0.683581 0.498381 0.048678 0.029021
4 0.523983 0.630622 0.043811 0.025804
4 0.348393 0.627945 0.050069 0.050432
4 0.606390 0.744713 0.041725 0.050325
4 0.627600 0.602248 0.027122 0.029021
4 0.660285 0.719014 0.050764 0.046044
4 0.496864 0.675648 0.028511 0.038550
4 0.982260 0.522526 0.034075 0.027840
4 0.904374 0.592128 0.053547 0.029979
4 0.860564 0.679932 0.052156 0.036407
4 0.795194 0.744713 0.041028 0.028914
4 0.749993 0.740376 0.054936 0.041865
4 0.895333 0.724852 0.056328 0.036514
4 0.963832 0.713124 0.066758 0.027840
4 0.979825 0.684696 0.036161 0.035441
4 0.972872 0.758045 0.052850 0.036510
4 0.891510 0.797130 0.050069 0.039726
2 0.863692 0.868334 0.051461 0.023666
2 0.918978 0.835141 0.047983 0.030086
2 0.982958 0.867310 0.034083 0.029966
4 0.676278 0.612472 0.047983 0.038546
4 0.701314 0.542819 0.020167 0.034371
4 0.725306 0.520331 0.019472 0.036514
4 0.738518 0.585650 0.054242 0.032233
4 0.724611 0.650969 0.040333 0.062211
4 0.768421 0.672917 0.020864 0.039726
4 0.794499 0.627410 0.024342 0.027951
4 0.849087 0.487139 0.058414 0.030086
4 0.940188 0.548708 0.050069 0.035441
4 0.949922 0.571730 0.047289 0.025804
0 0.332051 0.746801 0.068847 0.046151
