4 0.546933 0.538000 0.068844 0.037583
4 0.700965 0.547156 0.070931 0.034269
4 0.697142 0.792846 0.050767 0.048293
4 0.548671 0.570124 0.073714 0.035441
4 0.604653 0.584044 0.052156 0.056856
4 0.432885 0.579226 0.074408 0.040796
4 0.351175 0.600107 0.063978 0.033302
4 0.277810 0.578689 0.061892 0.044008
4 0.191925 0.452874 0.068150 0.051506
4 0.128992 0.479104 0.054939 0.037592
4 0.181147 0.530505 0.047983 0.026878
4 0.496515 0.657391 0.065369 0.045081
4 0.483650 0.680950 0.064672 0.034371
4 0.591439 0.705041 0.064672 0.035445
4 0.626904 0.738236 0.057719 0.054718
4 0.569533 0.766610 0.051461 0.068636
4 0.549019 0.858698 0.056328 0.045077
4 0.590049 0.895105 0.050764 0.040800
4 0.637336 0.850130 0.046594 0.079346
4 0.706529 0.738770 0.073714 0.060073
4 0.789976 0.672970 0.075103 0.033195
4 0.795889 0.604388 0.079972 0.037588
4 0.755904 0.649895 0.062586 0.023666
4 0.722176 0.616704 0.077192 0.042938
4 0.102565 0.350079 0.061892 0.049363
4 0.043803 0.297074 0.038944 0.084696
4 0.060840 0.390233 0.061892 0.078276
