4 0.892299 0.385909 0.040681 0.022374
4 0.852707 0.313762 0.032692 0.016779
4 0.902106 0.356826 0.037050 0.022370
4 0.782932 0.338873 0.035669 0.018011
4 0.630015 0.422765 0.032036 0.035907
4 0.605351 0.425618 0.049397 0.021253
4 0.559549 0.374669 0.034942 0.018011
4 0.470558 0.426123 0.029856 0.022485
4 0.417529 0.357329 0.041481 0.016891
4 0.350336 0.323214 0.042217 0.026959
4 0.406632 0.289713 0.041481 0.022370
4 0.414985 0.315441 0.032036 0.022370
4 0.347063 0.381938 0.035669 0.019127
4 0.329628 0.342789 0.031311 0.032549
4 0.427335 0.461358 0.046564 0.034786
4 0.474554 0.504420 0.037847 0.026959
4 0.646394 0.598381 0.042861 0.022485
4 0.683081 0.623045 0.045039 0.024611
4 0.725214 0.622487 0.036322 0.050338
4 0.849039 0.486020 0.037122 0.025727
4 0.862150 0.447374 0.035594 0.024722
4 0.921718 0.452408 0.047219 0.030317
4 0.867961 0.529085 0.018161 0.038033
4 0.861387 0.624724 0.040025 0.021253
4 0.842174 0.656044 0.034869 0.030205
2 0.540297 0.706324 0.026950 0.025838
4 0.747372 0.760071 0.034144 0.019012
0 0.560275 0.667733 0.043661 0.024722
