0 0.451357 0.579320 0.046731 0.029042
0 0.474399 0.593293 0.030464 0.023054
0 0.468208 0.616745 0.035067 0.028041
0 0.521681 0.623730 0.035711 0.026048
0 0.506806 0.603321 0.036944 0.016967
0 0.561250 0.562352 0.020094 0.029042
0 0.556356 0.599279 0.028583 0.025051
0 0.552792 0.627722 0.031822 0.034033
0 0.590383 0.634709 0.011083 0.026048
0 0.593333 0.632714 0.041483 0.018062
0 0.604643 0.624230 0.035714 0.017066
0 0.592361 0.605267 0.020094 0.021056
0 0.579365 0.605768 0.020158 0.028045
0 0.621851 0.581315 0.016853 0.025051
0 0.648069 0.575329 0.043489 0.035030
0 0.638347 0.669140 0.043489 0.029042
0 0.629272 0.644690 0.018861 0.030038
0 0.668810 0.652173 0.043492 0.023054
0 0.796819 0.671136 0.037656 0.033033
0 0.160046 0.447085 0.042131 0.030038
0 0.068657 0.410158 0.022686 0.022053
0 0.443254 0.548882 0.043492 0.036027
0 0.475338 0.552374 0.049325 0.039025
