0 0.987546 0.654718 0.024908 0.029940
0 0.942328 0.441645 0.034417 0.078841
0 0.980740 0.493991 0.038519 0.065971
0 0.941389 0.514998 0.053150 0.055890
0 0.965047 0.555419 0.056389 0.026946
0 0.963718 0.683661 0.037008 0.047904
0 0.943982 0.608261 0.024631 0.031039
0 0.908658 0.637254 0.017500 0.052891
0 0.918703 0.688152 0.035000 0.052891
0 0.882375 0.562355 0.025989 0.027044
0 0.877190 0.506516 0.058397 0.034932
0 0.882407 0.440648 0.049258 0.040920
0 0.821158 0.476076 0.029167 0.069859
0 0.787131 0.563849 0.046667 0.038024
0 0.834769 0.622235 0.017500 0.027044
0 0.786158 0.532962 0.013611 0.043914
0 0.757639 0.524979 0.009722 0.055885
0 0.758579 0.502524 0.019508 0.046903
0 0.766389 0.496536 0.027222 0.050898
0 0.700244 0.483062 0.051917 0.029940
0 0.566403 0.508013 0.044789 0.027943
0 0.603056 0.412203 0.027222 0.023952
