0 0.383949 0.396737 0.035064 0.032934
0 0.537560 0.365746 0.038953 0.021056
0 0.526217 0.401726 0.034417 0.028944
0 0.496403 0.435158 0.029233 0.019957
0 0.476958 0.464100 0.027933 0.027943
0 0.456865 0.455618 0.027936 0.022956
0 0.465324 0.411206 0.038242 0.021959
0 0.447792 0.386754 0.020156 0.014970
0 0.429643 0.404219 0.033119 0.025950
0 0.389458 0.416195 0.037011 0.021955
0 0.405662 0.458112 0.025342 0.021955
0 0.319490 0.407663 0.018797 0.015068
0 0.298718 0.420139 0.033119 0.018062
0 0.270879 0.414698 0.038242 0.024949
0 0.264042 0.434110 0.038956 0.020060
0 0.281865 0.462104 0.020158 0.019957
0 0.170060 0.257962 0.031175 0.021056
0 0.135740 0.451576 0.036297 0.021056
0 0.128287 0.491546 0.018797 0.034932
0 0.073810 0.463101 0.044786 0.023952
