2 0.455185 0.427748 0.034025 0.047404
2 0.557674 0.316576 0.073031 0.062742
2 0.504147 0.566390 0.048961 0.041018
2 0.397508 0.690404 0.086306 0.076668
2 0.251864 0.688488 0.105394 0.075393
2 0.192529 0.534510 0.091286 0.071561
2 0.082156 0.386283 0.111206 0.081779
2 0.351865 0.292299 0.029875 0.070406
2 0.389208 0.383024 0.068050 0.039743
2 0.775101 0.316576 0.046475 0.039739
2 0.684646 0.321114 0.056431 0.066446
2 0.869707 0.377273 0.058092 0.053794
0 0.529043 0.493621 0.062242 0.028114
2 0.567632 0.532594 0.073031 0.062613
2 0.609542 0.557449 0.058922 0.056352
2 0.543565 0.623894 0.024897 0.048687
2 0.921160 0.770845 0.073031 0.087019
2 0.971367 0.691619 0.050622 0.099799
2 0.792114 0.379831 0.062239 0.046129
