4 0.040649 0.242545 0.081297 0.053892
4 0.093903 0.176176 0.075900 0.070855
4 0.108843 0.386255 0.097869 0.045907
4 0.781264 0.705569 0.088211 0.133832
4 0.667546 0.905218 0.096575 0.061873
4 0.558333 0.859808 0.095928 0.038922
4 0.244629 0.795436 0.149075 0.077844
4 0.369399 0.928670 0.128981 0.050898
4 0.172036 0.908710 0.140000 0.066865
4 0.093287 0.910708 0.078425 0.046908
4 0.018611 0.745488 0.037222 0.046005
4 0.037083 0.675627 0.074167 0.081938
4 0.107222 0.594840 0.055739 0.057883
4 0.106542 0.559410 0.022100 0.072857
4 0.195371 0.624728 0.121853 0.059979
4 0.240383 0.712104 0.084972 0.074850
4 0.390788 0.746486 0.132869 0.089919
4 0.383657 0.725571 0.121203 0.043896
4 0.396621 0.650727 0.127686 0.109778
4 0.472454 0.566347 0.104353 0.076946
4 0.570000 0.487004 0.080372 0.042015
4 0.414444 0.440098 0.031111 0.057981
4 0.332129 0.485060 0.129631 0.083832
4 0.184028 0.423133 0.134167 0.071955
4 0.014722 0.412154 0.029444 0.048003
4 0.046944 0.527973 0.045372 0.109778
4 0.021204 0.508013 0.042408 0.057883
4 0.049722 0.448631 0.099444 0.078845
4 0.074167 0.313901 0.106294 0.092814
4 0.023578 0.156666 0.020806 0.040021
