0 0.279921 0.783961 0.033119 0.020958
0 0.533347 0.307363 0.035711 0.028045
0 0.460139 0.344788 0.035650 0.033033
0 0.435510 0.432663 0.047314 0.028944
0 0.360939 0.295387 0.026639 0.036027
0 0.310740 0.334309 0.036297 0.046009
0 0.303611 0.285956 0.046667 0.042913
0 0.251403 0.345836 0.027933 0.048901
0 0.340199 0.517444 0.024047 0.027044
0 0.232639 0.757513 0.031761 0.049902
0 0.344736 0.790896 0.043489 0.027044
0 0.406667 0.763003 0.041483 0.028939
0 0.390788 0.695139 0.046019 0.034932
0 0.369689 0.618291 0.044139 0.024949
0 0.498056 0.685158 0.044072 0.042917
0 0.436482 0.594290 0.033703 0.029042
0 0.497375 0.522483 0.037656 0.016967
0 0.515879 0.506516 0.018797 0.022956
0 0.685046 0.669189 0.047314 0.030937
0 0.721019 0.601326 0.046667 0.020958
0 0.771542 0.697635 0.029878 0.023952
0 0.792639 0.725528 0.042128 0.028045
0 0.729121 0.737053 0.043425 0.026946
0 0.685694 0.746037 0.044722 0.024949
0 0.728796 0.780417 0.022036 0.028045
0 0.612129 0.792943 0.049258 0.036929
0 0.598519 0.726576 0.042778 0.039919
0 0.522038 0.811905 0.053147 0.048901
