4 0.728783 0.675113 0.051461 0.041758
4 0.881774 0.706700 0.050069 0.051399
4 0.835528 0.552990 0.059111 0.033302
4 0.754512 0.608135 0.019469 0.034371
4 0.579617 0.704506 0.063283 0.030090
4 0.641857 0.660068 0.066758 0.035441
4 0.893596 0.536448 0.054242 0.047113
4 0.817794 0.487673 0.044506 0.044012
4 0.846306 0.678809 0.031989 0.030090
4 0.829965 0.662209 0.049375 0.037583
4 0.556321 0.756439 0.045897 0.024735
4 0.533719 0.781067 0.039639 0.035445
4 0.469046 0.723779 0.057719 0.036514
4 0.530939 0.602246 0.047983 0.033302
4 0.458463 0.465836 0.061942 0.032819
4 0.463831 0.535860 0.029206 0.022592
4 0.407156 0.457211 0.060500 0.029983
4 0.375861 0.483443 0.064672 0.031052
4 0.393942 0.517173 0.056328 0.036407
4 0.339004 0.510214 0.034075 0.033191
4 0.298322 0.528417 0.059806 0.031052
4 0.310144 0.560539 0.063978 0.037476
4 0.309101 0.598499 0.057719 0.045081
4 0.317447 0.648291 0.034078 0.050432
4 0.380382 0.579224 0.059803 0.042938
4 0.403331 0.611349 0.048678 0.038653
2 0.695750 0.756437 0.039639 0.039726
2 0.738518 0.753225 0.037553 0.046151
2 0.894638 0.690051 0.032686 0.033302
2 0.470786 0.648291 0.031989 0.029021
2 0.441231 0.507483 0.028511 0.030090
2 0.450271 0.575479 0.017386 0.046151
