0 0.506449 0.541446 0.049325 0.032934
0 0.749504 0.606317 0.014325 0.032934
0 0.734306 0.632271 0.021389 0.016980
0 0.767328 0.630716 0.034417 0.022057
0 0.802004 0.688653 0.045436 0.035928
0 0.802037 0.716095 0.047964 0.014970
0 0.798472 0.741495 0.043428 0.042015
0 0.854181 0.761955 0.052567 0.029042
0 0.890185 0.734510 0.051853 0.028045
0 0.897282 0.703122 0.038953 0.028939
0 0.910926 0.661206 0.040186 0.052891
0 0.902143 0.661206 0.059047 0.022951
0 0.887885 0.645738 0.052564 0.015967
0 0.853240 0.622284 0.033703 0.042917
0 0.812407 0.601824 0.036297 0.051895
0 0.814028 0.626275 0.020094 0.050898
0 0.836032 0.670188 0.024047 0.028939
0 0.840246 0.695139 0.050619 0.022956
0 0.817236 0.513452 0.031822 0.080941
0 0.985926 0.519938 0.028147 0.071955
0 0.773486 0.593340 0.046733 0.026946
0 0.391078 0.530917 0.048028 0.028045
0 0.683393 0.585806 0.042842 0.028045
