3 0.596679 0.453368 0.071369 0.024281
3 0.347301 0.336448 0.087136 0.033221
3 0.568047 0.569585 0.029044 0.047408
3 0.528628 0.650090 0.068050 0.034628
3 0.348544 0.746630 0.039833 0.051112
3 0.151035 0.349863 0.053114 0.037057
3 0.248546 0.566456 0.060581 0.043443
3 0.225724 0.742156 0.043153 0.047280
3 0.032364 0.642421 0.064728 0.037186
3 0.112861 0.901247 0.024894 0.056223
3 0.926969 0.509530 0.074689 0.057630
3 0.895019 0.818124 0.085478 0.035907
3 0.538172 0.926803 0.077178 0.048559
3 0.338172 0.454645 0.068878 0.026835
