4 0.128574 0.196636 0.219131 0.129739
4 0.190833 0.172183 0.114072 0.094812
4 0.137004 0.260009 0.208769 0.138725
4 0.359643 0.149679 0.062936 0.117861
4 0.837976 0.677624 0.157564 0.177746
4 0.799768 0.857814 0.162686 0.056886
4 0.607593 0.729519 0.199631 0.153794
4 0.432593 0.798931 0.208703 0.146707
4 0.162315 0.650229 0.187964 0.096805
4 0.183671 0.864301 0.252842 0.133734
4 0.069921 0.660158 0.122564 0.098905
4 0.711944 0.422682 0.172406 0.128743
4 0.033843 0.501525 0.067686 0.064872
4 0.437129 0.530468 0.164631 0.106788
4 0.957732 0.505017 0.084536 0.095808
4 0.232639 0.443144 0.187317 0.131737
