0 0.745939 0.467044 0.030528 0.024055
0 0.746264 0.413653 0.025989 0.017066
0 0.592361 0.405716 0.018794 0.016967
0 0.661032 0.372733 0.029231 0.027049
0 0.691851 0.410657 0.020742 0.021056
0 0.644828 0.304420 0.026639 0.013973
0 0.685371 0.420139 0.028519 0.024050
0 0.681482 0.432613 0.040186 0.031035
0 0.651310 0.409160 0.021453 0.024050
0 0.610186 0.383263 0.042778 0.017964
0 0.708996 0.447583 0.021453 0.015073
0 0.702546 0.465547 0.030464 0.023054
0 0.800060 0.469538 0.025992 0.023054
0 0.767328 0.476027 0.014972 0.016065
