4 0.350332 0.733785 0.068358 0.051454
4 0.603861 0.770081 0.069811 0.057160
4 0.574078 0.702408 0.020411 0.031429
4 0.643126 0.680652 0.024697 0.054812
4 0.712865 0.683952 0.062475 0.048212
4 0.816747 0.702408 0.055211 0.029196
4 0.835636 0.717509 0.039228 0.021364
4 0.701932 0.787979 0.053831 0.041501
4 0.505428 0.779589 0.064728 0.026955
4 0.478914 0.714153 0.072717 0.037023
4 0.541425 0.835015 0.103156 0.045864
4 0.639858 0.937363 0.076278 0.031322
4 0.342014 0.833896 0.073372 0.043627
4 0.048492 0.824891 0.045839 0.048208
4 0.342740 0.915552 0.073369 0.052575
4 0.247939 0.890943 0.069739 0.054812
4 0.291889 0.868516 0.058844 0.045971
