2 0.666803 0.167776 0.077178 0.166116
2 0.095018 0.759983 0.075519 0.085740
2 0.197508 0.590669 0.053111 0.058909
2 0.265558 0.572780 0.018256 0.094688
2 0.350619 0.851409 0.105394 0.056223
2 0.385475 0.704397 0.105394 0.066578
2 0.684646 0.761260 0.097925 0.070406
2 0.512860 0.772825 0.091286 0.083058
2 0.646471 0.512787 0.028214 0.089448
2 0.579250 0.204130 0.039833 0.029517
2 0.537757 0.485890 0.086308 0.084465
2 0.831949 0.135766 0.062242 0.079350
2 0.848961 0.380533 0.116183 0.070278
2 0.772196 0.653285 0.121992 0.074243
2 0.546886 0.760686 0.102906 0.046001
2 0.058504 0.172183 0.025725 0.149636
2 0.033608 0.492917 0.058922 0.057630
2 0.126969 0.437970 0.019917 0.070406
