4 0.569351 0.392194 0.016853 0.012079
4 0.563518 0.375229 0.037592 0.028045
4 0.519768 0.384709 0.039536 0.039025
4 0.503208 0.352823 0.031178 0.020958
4 0.549875 0.306914 0.041544 0.028944
4 0.656528 0.307412 0.035650 0.041916
4 0.790694 0.246985 0.029167 0.052994
4 0.805603 0.247983 0.033056 0.062973
4 0.557004 0.344837 0.035064 0.020958
4 0.811115 0.434117 0.040175 0.028028
1 0.292917 0.525977 0.062872 0.055890
4 0.820185 0.385708 0.018147 0.025051
4 0.751774 0.350828 0.025342 0.016967
4 0.501296 0.487553 0.036297 0.014970
4 0.553796 0.435607 0.028519 0.013071
4 0.594921 0.491995 0.025342 0.016069
4 0.295476 0.488003 0.024047 0.026048
4 0.259538 0.498033 0.020742 0.051899
4 0.216078 0.457613 0.036361 0.022951
4 0.049504 0.536955 0.057103 0.045911
4 0.126343 0.564897 0.042131 0.029940
4 0.145788 0.525428 0.039536 0.029042
4 0.138657 0.510958 0.057686 0.038024
4 0.135093 0.482015 0.059631 0.057981
4 0.074135 0.370237 0.007842 0.018062
4 0.041111 0.427173 0.029817 0.011976
4 0.020232 0.476574 0.040464 0.026946
4 0.099413 0.464551 0.019508 0.017066
4 0.059258 0.451576 0.054444 0.031039
4 0.168440 0.448582 0.040897 0.025051
4 0.166171 0.398182 0.023397 0.018067
4 0.226806 0.411157 0.027872 0.057985
4 0.114351 0.385751 0.071297 0.046891
4 0.177514 0.340349 0.043489 0.031938
4 0.264365 0.344341 0.055158 0.041916
4 0.323022 0.445137 0.059694 0.053892
4 0.351542 0.473531 0.042844 0.021056
4 0.367744 0.511506 0.044139 0.028939
4 0.387190 0.466595 0.019508 0.038922
4 0.387838 0.440148 0.037658 0.031938
4 0.382004 0.415697 0.046731 0.058879
4 0.468208 0.464600 0.072656 0.036925
4 0.534643 0.412703 0.043492 0.012977
4 0.573856 0.413651 0.013028 0.019063
