4 0.072319 0.652038 0.144639 0.060073
4 0.271203 0.448054 0.139083 0.078272
4 0.346307 0.592074 0.094575 0.047220
4 0.474957 0.635494 0.125175 0.101724
4 0.461750 0.689517 0.112667 0.064354
4 0.541022 0.492010 0.116828 0.076022
4 0.652635 0.365659 0.096664 0.069598
4 0.672107 0.247872 0.085536 0.058892
4 0.722872 0.274589 0.068844 0.044012
4 0.665153 0.195939 0.136994 0.070672
4 0.884206 0.168047 0.111961 0.055787
4 0.810146 0.149897 0.038942 0.040693
4 0.982260 0.202365 0.034075 0.049256
4 0.860911 0.249480 0.087622 0.044974
4 0.807364 0.397248 0.123783 0.087806
4 0.844917 0.295470 0.108483 0.047220
4 0.145333 0.685231 0.037550 0.051506
4 0.248949 0.800930 0.065369 0.077096
4 0.904721 0.333482 0.048681 0.078272
