0 0.628658 0.175077 0.040833 0.047904
0 0.608889 0.249979 0.022039 0.033037
0 0.604028 0.227074 0.036944 0.044910
0 0.586204 0.198131 0.022036 0.014970
0 0.614074 0.214551 0.036297 0.026048
0 0.487328 0.210058 0.030528 0.025051
0 0.506449 0.199080 0.027286 0.023054
0 0.553440 0.231016 0.025342 0.013075
0 0.559921 0.213601 0.025342 0.013969
0 0.551528 0.194140 0.029167 0.020958
0 0.526250 0.183163 0.022683 0.022956
0 0.505833 0.179669 0.032406 0.021955
0 0.488658 0.153721 0.025278 0.027947
0 0.511635 0.160158 0.038953 0.031035
0 0.547606 0.154170 0.030528 0.021061
0 0.576806 0.176625 0.043428 0.028041
0 0.605615 0.182613 0.025992 0.036031
0 0.577778 0.154219 0.040183 0.028944
