0 0.598194 0.685657 0.023983 0.051895
0 0.293565 0.878772 0.057686 0.032934
0 0.187593 0.829369 0.032408 0.037926
0 0.255972 0.731016 0.055094 0.027044
0 0.322408 0.676125 0.038889 0.023054
0 0.396911 0.578822 0.048028 0.022057
0 0.357732 0.548381 0.057686 0.068961
0 0.437454 0.369241 0.046019 0.022057
0 0.452653 0.349829 0.038956 0.024953
0 0.548288 0.330319 0.053797 0.034033
0 0.740139 0.560359 0.038239 0.023054
0 0.797467 0.439102 0.032472 0.032036
0 0.806217 0.396236 0.046083 0.039923
0 0.912189 0.420686 0.024694 0.028944
0 0.826990 0.494040 0.038242 0.031938
0 0.810139 0.542943 0.044722 0.051899
0 0.788426 0.636206 0.037592 0.027049
0 0.447500 0.860308 0.047961 0.025945
0 0.831851 0.619739 0.028519 0.036031
0 0.885000 0.645237 0.037594 0.042913
0 0.913486 0.577325 0.015622 0.049003
0 0.936819 0.610259 0.035067 0.054991
0 0.977329 0.626228 0.033119 0.052994
0 0.919351 0.728071 0.047964 0.026946
0 0.872361 0.811356 0.043428 0.044012
