4 0.615778 0.376901 0.199583 0.087806
4 0.900549 0.148236 0.150208 0.123246
4 0.920021 0.230205 0.114047 0.074953
4 0.632815 0.201831 0.061197 0.073884
4 0.488169 0.275661 0.104311 0.093263
4 0.190882 0.802483 0.157858 0.121108
4 0.418978 0.323311 0.107789 0.083627
4 0.337961 0.336213 0.123783 0.156334
4 0.197489 0.611401 0.187761 0.113503
4 0.727044 0.433065 0.216272 0.114683
4 0.435319 0.547690 0.191933 0.099581
4 0.754512 0.536929 0.250347 0.183208
4 0.914457 0.393445 0.037553 0.084701
4 0.342135 0.729134 0.125175 0.192844
4 0.689144 0.304036 0.102922 0.077207
