4 0.255324 0.209559 0.078425 0.077947
4 0.086449 0.252474 0.092103 0.059979
4 0.130232 0.400727 0.100464 0.068862
4 0.125047 0.442145 0.099167 0.051895
4 0.118889 0.475077 0.123150 0.071856
4 0.024768 0.440597 0.049536 0.086925
4 0.045649 0.392742 0.090742 0.062874
4 0.034167 0.522983 0.068333 0.049902
4 0.029954 0.560907 0.059908 0.041916
4 0.074167 0.564408 0.033706 0.026959
4 0.126019 0.606315 0.050556 0.066865
4 0.212871 0.603822 0.117964 0.115770
4 0.302639 0.606816 0.112128 0.099799
4 0.502593 0.676176 0.133519 0.060881
4 0.420278 0.734510 0.127039 0.059979
4 0.178486 0.761506 0.151733 0.057887
4 0.228425 0.807414 0.132222 0.051895
4 0.102037 0.839848 0.121853 0.082836
4 0.155186 0.900227 0.112778 0.041916
4 0.054399 0.749979 0.096575 0.084927
4 0.027037 0.652673 0.054075 0.069957
4 0.038056 0.694089 0.076111 0.047006
4 0.695742 0.923182 0.112778 0.053892
4 0.020556 0.209059 0.041111 0.047006
4 0.798149 0.920686 0.086853 0.052896
4 0.815647 0.743490 0.089444 0.044012
4 0.426111 0.547934 0.117961 0.083832
4 0.253024 0.341794 0.085619 0.062973
