2 0.318674 0.327438 0.044819 0.071685
2 0.434022 0.549780 0.102906 0.076796
2 0.521575 0.637312 0.070539 0.095967
2 0.740247 0.649450 0.096267 0.058909
2 0.785060 0.827068 0.086308 0.069132
2 0.691699 0.890319 0.040664 0.052519
2 0.760579 0.317280 0.067219 0.048554
2 0.574272 0.411200 0.059750 0.054949
2 0.159333 0.464870 0.053111 0.052391
2 0.053939 0.395163 0.096267 0.061463
2 0.376347 0.731232 0.070539 0.071685
2 0.479251 0.606707 0.052281 0.037057
2 0.554769 0.547864 0.055600 0.042297
2 0.658503 0.471193 0.057261 0.049966
2 0.777592 0.395802 0.066389 0.055077
