0 0.756992 0.602273 0.017500 0.021056
0 0.743379 0.637703 0.022686 0.020060
0 0.686310 0.604271 0.016269 0.027044
0 0.724907 0.574331 0.016853 0.027044
0 0.738194 0.515447 0.026572 0.031039
0 0.774167 0.576824 0.010372 0.028045
0 0.792606 0.592295 0.011083 0.021056
0 0.818242 0.617744 0.015556 0.024050
0 0.750153 0.577325 0.035067 0.025051
0 0.799444 0.561856 0.020739 0.026048
0 0.763796 0.646187 0.040186 0.025051
0 0.791667 0.640199 0.014261 0.021056
0 0.779353 0.615746 0.011667 0.022057
0 0.746913 0.617742 0.011731 0.026048
