4 0.039028 0.110308 0.078056 0.050898
4 0.054583 0.918191 0.109167 0.065868
4 0.039028 0.886255 0.078056 0.057883
4 0.107407 0.736557 0.214814 0.143713
4 0.196018 0.112254 0.184075 0.052994
4 0.046482 0.312904 0.092964 0.098802
4 0.111435 0.293890 0.084908 0.188721
4 0.039676 0.566895 0.079353 0.089820
4 0.037407 0.478073 0.074814 0.099799
4 0.179782 0.518441 0.216547 0.140817
4 0.422546 0.729070 0.206758 0.094812
4 0.460462 0.415150 0.114075 0.139820
4 0.505153 0.287953 0.208767 0.118764
4 0.496078 0.617744 0.184139 0.143811
4 0.666250 0.784959 0.193794 0.138721
4 0.983333 0.667194 0.033333 0.206587
