0 0.563486 0.337303 0.033767 0.042015
0 0.490926 0.333811 0.018147 0.033037
0 0.507778 0.416146 0.028517 0.034029
0 0.471158 0.457562 0.029167 0.035030
0 0.441310 0.441097 0.020158 0.034033
0 0.414769 0.403172 0.048611 0.028045
0 0.387871 0.450577 0.044075 0.033037
0 0.429676 0.499029 0.047314 0.023952
0 0.465000 0.583860 0.045372 0.033931
0 0.535324 0.480567 0.042131 0.028944
0 0.560603 0.551426 0.040833 0.034932
0 0.659119 0.482564 0.036944 0.022956
0 0.544399 0.664200 0.042131 0.022951
0 0.546019 0.740547 0.038889 0.017964
0 0.486389 0.726078 0.041483 0.020958
0 0.455244 0.702622 0.032472 0.029940
0 0.305879 0.683612 0.038242 0.028045
0 0.322408 0.733563 0.023333 0.035928
0 0.400476 0.759012 0.039603 0.032934
0 0.329181 0.773482 0.037011 0.019957
0 0.610833 0.784959 0.041483 0.024949
0 0.696389 0.742044 0.036294 0.032934
0 0.710292 0.686157 0.047378 0.022956
0 0.714536 0.705118 0.031111 0.022956
0 0.785185 0.722583 0.041481 0.025945
0 0.809782 0.674130 0.038953 0.031039
0 0.733010 0.778422 0.034353 0.048007
