0 0.331118 0.523009 0.054769 0.056223
1 0.704978 0.783685 0.077178 0.086891
0 0.310371 0.570289 0.096264 0.053666
0 0.295849 0.655201 0.058919 0.032070
0 0.164728 0.705098 0.080500 0.080505
2 0.053525 0.653986 0.057261 0.077947
2 0.064312 0.893514 0.073858 0.058909
2 0.307882 0.926163 0.066392 0.049837
2 0.511201 0.876328 0.082986 0.080500
2 0.675101 0.667340 0.019086 0.099795
2 0.543151 0.758067 0.039003 0.064021
2 0.546885 0.715896 0.064731 0.069132
2 0.559750 0.598338 0.043983 0.043571
2 0.585890 0.634117 0.076347 0.048687
2 0.653110 0.572780 0.026558 0.084465
2 0.611201 0.544669 0.025725 0.053794
2 0.468463 0.575975 0.020747 0.080633
1 0.701658 0.823236 0.092117 0.079354
0 0.406636 0.515278 0.073028 0.071685
