4 0.463024 0.105267 0.120619 0.043015
4 0.530464 0.507464 0.178889 0.190719
4 0.781296 0.397186 0.117964 0.151796
4 0.818565 0.140248 0.237869 0.116766
4 0.794550 0.639249 0.205528 0.090817
4 0.696356 0.919192 0.191917 0.071856
4 0.913333 0.936606 0.173333 0.027044
4 0.333069 0.382213 0.192567 0.189722
4 0.250787 0.402673 0.236575 0.214671
4 0.068843 0.449080 0.137686 0.077947
4 0.101065 0.375278 0.144536 0.067861
4 0.198936 0.594840 0.184722 0.169662
4 0.050801 0.535458 0.101175 0.084833
4 0.069490 0.186606 0.138981 0.209679
4 0.170708 0.195139 0.112844 0.084829
4 0.181111 0.106764 0.062222 0.042015
