2 0.589210 0.459055 0.086308 0.069127
2 0.562653 0.467425 0.053111 0.034500
2 0.630288 0.510806 0.087136 0.070406
2 0.613275 0.625811 0.068050 0.078071
2 0.602901 0.606005 0.087136 0.030796
2 0.486721 0.583005 0.060581 0.048687
0 0.159749 0.656544 0.042325 0.077947
0 0.209956 0.683952 0.089628 0.038460
0 0.283815 0.636672 0.039836 0.145800
2 0.260579 0.858375 0.056431 0.072960
2 0.519499 0.690340 0.058092 0.076796
2 0.598337 0.922265 0.063069 0.060184
2 0.522819 0.892876 0.081328 0.060184
2 0.557258 0.781704 0.022406 0.055077
2 0.469707 0.634117 0.029875 0.071689
2 0.428629 0.644339 0.062242 0.076796
0 0.025724 0.873069 0.041492 0.035907
0 0.134022 0.905654 0.050622 0.088298
0 0.141492 0.850133 0.050622 0.033225
0 0.175932 0.831540 0.091286 0.060188
