4 0.094258 0.672263 0.064728 0.060402
1 0.725543 0.813706 0.074897 0.063871
4 0.186192 0.785740 0.094439 0.079530
4 0.768039 0.514489 0.045111 0.029192
4 0.441174 0.611805 0.034869 0.047092
4 0.374342 0.589433 0.072644 0.067224
4 0.115362 0.593405 0.032692 0.050334
4 0.104065 0.559232 0.077075 0.040381
4 0.228651 0.451903 0.080708 0.042506
4 0.444407 0.430595 0.050197 0.038144
4 0.451707 0.492733 0.067558 0.045860
4 0.571172 0.591112 0.030583 0.032549
4 0.821796 0.629142 0.053831 0.030312
1 0.799276 0.779645 0.056736 0.172258
4 0.220697 0.576570 0.060294 0.050445
4 0.743375 0.597821 0.069739 0.034786
1 0.751694 0.658281 0.106861 0.124157
4 0.251535 0.656602 0.058186 0.096198
