4 0.414121 0.299878 0.018797 0.027044
4 0.823101 0.267494 0.051203 0.047904
4 0.942685 0.367744 0.072592 0.102896
4 0.985931 0.589301 0.028139 0.056985
4 0.958889 0.576326 0.042778 0.043011
4 0.796851 0.353772 0.051853 0.035030
4 0.783889 0.415648 0.060928 0.037027
4 0.691851 0.301876 0.053147 0.031039
4 0.482143 0.456615 0.103119 0.112776
4 0.261482 0.123234 0.242408 0.070958
4 0.234583 0.249530 0.114722 0.057887
4 0.232315 0.290398 0.071297 0.046005
4 0.142514 0.455118 0.152378 0.075847
4 0.136713 0.521486 0.183425 0.106788
4 0.129550 0.605319 0.084972 0.078841
4 0.013101 0.617793 0.026203 0.043909
4 0.381714 0.427124 0.036944 0.046009
4 0.347361 0.439151 0.016206 0.043914
4 0.268611 0.564899 0.063517 0.037926
4 0.311032 0.586805 0.027936 0.038024
4 0.668518 0.531416 0.067408 0.056989
4 0.633194 0.115248 0.058983 0.039025
4 0.624768 0.174630 0.030464 0.040021
4 0.529167 0.243991 0.015556 0.041018
4 0.459782 0.215547 0.029881 0.026048
4 0.369042 0.271935 0.046733 0.025051
4 0.329181 0.286905 0.043489 0.037027
4 0.294181 0.318340 0.043489 0.026048
4 0.255649 0.409709 0.055742 0.046903
4 0.287408 0.503022 0.038889 0.033931
4 0.418010 0.550376 0.042131 0.023054
