2 0.580979 0.711972 0.016781 0.023490
4 0.920594 0.168852 0.033489 0.022485
4 0.901343 0.211916 0.041481 0.019127
4 0.916635 0.245473 0.022519 0.021364
4 0.896257 0.274611 0.029858 0.036912
4 0.913693 0.299780 0.044386 0.040269
4 0.841410 0.312085 0.040753 0.044743
4 0.784022 0.319859 0.033489 0.020248
4 0.753511 0.249388 0.030583 0.018007
4 0.766586 0.457498 0.040756 0.035791
4 0.774250 0.494970 0.035594 0.032438
4 0.854850 0.423381 0.045839 0.019012
4 0.835599 0.385909 0.036397 0.024607
4 0.971444 0.329981 0.040756 0.029080
4 0.986467 0.300282 0.027067 0.039264
4 0.964907 0.387027 0.043658 0.042506
4 0.979108 0.497765 0.029783 0.067113
4 0.825065 0.582220 0.044386 0.032438
4 0.916271 0.543627 0.039231 0.024611
4 0.746972 0.718683 0.040756 0.023490
0 0.476771 0.630821 0.031964 0.033670
2 0.480003 0.753302 0.025500 0.023601
