4 0.102647 0.857620 0.057061 0.024709
4 0.100686 0.784859 0.048861 0.025261
4 0.043606 0.803527 0.012517 0.035145
4 0.043622 0.775796 0.023894 0.040086
4 0.068410 0.733785 0.032814 0.053815
4 0.077147 0.704405 0.029600 0.031300
4 0.072868 0.685460 0.043869 0.032947
4 0.085529 0.638507 0.015692 0.031300
4 0.090522 0.672282 0.049217 0.037344
4 0.041126 0.672831 0.017475 0.050522
4 0.027912 0.646198 0.022503 0.017023
4 0.022029 0.618464 0.023575 0.023062
4 0.027735 0.578926 0.018581 0.025261
4 0.084263 0.601989 0.038197 0.023062
4 0.129931 0.642352 0.022467 0.014825
4 0.168431 0.647568 0.056028 0.023067
4 0.163972 0.620387 0.048539 0.023614
4 0.338897 0.819786 0.052356 0.030479
4 0.356871 0.791311 0.045064 0.024068
4 0.362211 0.760629 0.041156 0.022062
4 0.337726 0.858892 0.046886 0.023661
4 0.059407 0.584155 0.007553 0.035693
4 0.046643 0.619651 0.008075 0.025667
4 0.054328 0.649331 0.014067 0.023263
4 0.160601 0.685460 0.037447 0.017575
4 0.204113 0.716764 0.048147 0.040637
4 0.152221 0.699465 0.044936 0.019222
4 0.014182 0.696444 0.018581 0.025265
4 0.154361 0.742846 0.037806 0.032399
4 0.299828 0.764438 0.040894 0.019251
4 0.244214 0.724731 0.036467 0.013636
4 0.238354 0.796925 0.049753 0.024867
4 0.210354 0.838839 0.040114 0.018849
4 0.009721 0.666525 0.014664 0.034615
4 0.149903 0.840047 0.051000 0.030205
