0 0.747268 0.569840 0.042131 0.048003
0 0.656819 0.249480 0.037656 0.069962
0 0.696357 0.389698 0.042842 0.068961
0 0.625708 0.438601 0.054511 0.031035
0 0.585524 0.409162 0.054508 0.038024
0 0.552143 0.486007 0.043492 0.036027
0 0.531079 0.510956 0.042842 0.036027
0 0.547931 0.539401 0.050622 0.023054
0 0.599782 0.531914 0.049325 0.040021
0 0.605939 0.523931 0.038306 0.020060
0 0.608208 0.482015 0.045433 0.026048
0 0.652963 0.460556 0.036297 0.023054
0 0.650986 0.500479 0.042844 0.052994
0 0.664597 0.529420 0.050622 0.027044
0 0.718069 0.526925 0.051267 0.038024
