0 0.449510 0.489348 0.014603 0.021364
0 0.493496 0.386439 0.022519 0.012417
0 0.594799 0.550868 0.048019 0.028075
0 0.845786 0.496114 0.071989 0.039149
0 0.889736 0.469213 0.049472 0.028075
0 0.872701 0.422233 0.037047 0.023601
0 0.883199 0.284091 0.014603 0.022485
0 0.803651 0.281294 0.013875 0.028080
0 0.876297 0.615186 0.071989 0.044855
1 0.309667 0.177883 0.076350 0.080539
1 0.424447 0.134816 0.063272 0.027964
0 0.436469 0.389795 0.049400 0.030317
0 0.529092 0.337280 0.039956 0.023490
0 0.616265 0.379726 0.038503 0.028075
0 0.583901 0.194044 0.013147 0.021364
0 0.663121 0.218653 0.029058 0.032549
0 0.715062 0.300310 0.028331 0.025838
0 0.594835 0.507246 0.024697 0.019127
0 0.581360 0.423351 0.010969 0.021364
0 0.556297 0.403777 0.017506 0.029196
0 0.513437 0.505567 0.034942 0.022485
