0 0.509042 0.493492 0.041544 0.021056
0 0.481528 0.466546 0.056389 0.025051
0 0.469214 0.494987 0.048611 0.020060
0 0.962778 0.621734 0.010372 0.022057
0 0.774814 0.375727 0.038889 0.033037
0 0.707732 0.562404 0.030464 0.020958
0 0.715186 0.548432 0.042778 0.030937
0 0.731712 0.514500 0.057686 0.024953
0 0.739492 0.492044 0.056389 0.027947
0 0.726851 0.460607 0.055742 0.032934
0 0.669815 0.471536 0.055742 0.027049
0 0.640000 0.451127 0.042778 0.027943
0 0.634167 0.532412 0.059628 0.023054
0 0.598519 0.505468 0.046667 0.033033
0 0.558982 0.498531 0.045369 0.016967
0 0.573889 0.484061 0.051850 0.015967
0 0.564814 0.458112 0.046667 0.031938
0 0.607593 0.449630 0.045369 0.042913
0 0.555093 0.421685 0.057036 0.026946
0 0.526899 0.431116 0.031758 0.016065
0 0.528518 0.466046 0.037592 0.018062
0 0.522038 0.448133 0.049258 0.025950
0 0.374583 0.444140 0.039539 0.047904
0 0.425787 0.488501 0.051203 0.027044
0 0.453657 0.452124 0.057686 0.025950
