4 0.582314 0.761506 0.089444 0.041916
4 0.845463 0.754519 0.103703 0.055890
4 0.660740 0.863802 0.092036 0.038922
4 0.678240 0.902224 0.103703 0.045911
4 0.481528 0.796935 0.096572 0.052896
4 0.489306 0.880768 0.104350 0.048901
4 0.342175 0.922682 0.075833 0.032934
4 0.367454 0.804919 0.100464 0.042917
4 0.423518 0.688651 0.107592 0.055890
4 0.441343 0.645237 0.090092 0.076848
4 0.301992 0.652722 0.064167 0.055890
4 0.228750 0.713601 0.078428 0.093815
4 0.143842 0.718591 0.099167 0.079842
4 0.166204 0.664149 0.055742 0.076946
4 0.151944 0.626277 0.066111 0.036925
4 0.117236 0.587303 0.095344 0.049003
4 0.094583 0.553373 0.096572 0.056985
4 0.042375 0.553373 0.027289 0.039021
4 0.031899 0.634260 0.063797 0.074850
4 0.072871 0.758460 0.080369 0.050000
4 0.116296 0.817893 0.092036 0.046908
4 0.228426 0.861805 0.114075 0.050898
4 0.188889 0.946138 0.062222 0.011976
4 0.098796 0.927175 0.055742 0.031938
4 0.055337 0.859758 0.022103 0.056985
4 0.576157 0.641745 0.074536 0.041916
4 0.046907 0.430661 0.063592 0.052879
4 0.145788 0.466544 0.081019 0.041018
4 0.166496 0.484010 0.075897 0.034033
4 0.316899 0.523931 0.113425 0.063969
