0 0.262129 0.490000 0.010369 0.014072
0 0.289675 0.417643 0.036944 0.023054
0 0.242038 0.442096 0.022036 0.032036
0 0.253379 0.447085 0.020092 0.016069
0 0.303287 0.438103 0.031758 0.024050
0 0.311356 0.479021 0.016917 0.014072
0 0.669782 0.587804 0.025992 0.018062
0 0.627038 0.458561 0.036297 0.027044
0 0.383333 0.383212 0.018150 0.024055
0 0.398240 0.428122 0.040186 0.026048
0 0.230014 0.466544 0.016267 0.023054
0 0.212546 0.464549 0.023981 0.019063
0 0.219643 0.449579 0.027936 0.015068
0 0.191157 0.462605 0.027869 0.020958
