0 0.329536 0.235558 0.035000 0.021955
0 0.603703 0.194089 0.031111 0.029042
0 0.726203 0.147186 0.038889 0.029042
0 0.569676 0.306865 0.014908 0.019059
0 0.550556 0.287404 0.022039 0.024055
0 0.517824 0.288901 0.018797 0.021061
0 0.484088 0.291396 0.021453 0.018062
0 0.448472 0.262455 0.043428 0.032036
0 0.425462 0.274431 0.044075 0.032036
0 0.403101 0.275977 0.020092 0.028944
0 0.383949 0.280468 0.014325 0.031938
0 0.373579 0.299880 0.019508 0.029042
0 0.399861 0.239001 0.047317 0.033033
0 0.441990 0.329320 0.030464 0.038024
0 0.425787 0.304369 0.020092 0.028045
0 0.350246 0.236007 0.042842 0.033033
0 0.305232 0.260509 0.038242 0.041916
0 0.304550 0.247483 0.057750 0.040021
0 0.273796 0.253024 0.040186 0.026946
0 0.265694 0.231016 0.016206 0.025051
0 0.337282 0.273482 0.018214 0.029940
0 0.310417 0.295387 0.016206 0.034033
0 0.332129 0.310359 0.012964 0.026048
0 0.363856 0.410657 0.032472 0.025051
