0 0.797924 0.314662 0.107053 0.071685
2 0.849376 0.551762 0.040664 0.111172
2 0.678836 0.462314 0.024894 0.088169
2 0.735267 0.550419 0.061411 0.124080
2 0.692944 0.546012 0.129461 0.130338
2 0.350621 0.276326 0.027386 0.071685
2 0.496679 0.419442 0.034025 0.081912
2 0.515350 0.662228 0.056433 0.071685
2 0.358504 0.538345 0.097925 0.138007
2 0.270537 0.659737 0.031536 0.127780
2 0.221575 0.763178 0.079667 0.115133
2 0.090039 0.730657 0.068878 0.103503
2 0.054356 0.495473 0.085478 0.098524
2 0.120329 0.598400 0.076347 0.081779
2 0.219500 0.371525 0.035683 0.154743
0 0.316181 0.799596 0.082989 0.062742
