0 0.332129 0.288950 0.032408 0.034932
0 0.439042 0.381215 0.038956 0.026048
0 0.044675 0.778971 0.017500 0.058884
0 0.463056 0.814899 0.041483 0.036925
0 0.532083 0.836356 0.047317 0.051899
0 0.815649 0.833313 0.047964 0.036027
0 0.819214 0.722583 0.044722 0.027947
0 0.804629 0.747532 0.037592 0.023952
0 0.328889 0.377725 0.041483 0.035030
0 0.285464 0.387205 0.038889 0.024050
0 0.241681 0.464551 0.039600 0.029042
0 0.374583 0.454619 0.038239 0.040915
0 0.430000 0.477524 0.049261 0.031035
0 0.534676 0.490997 0.049908 0.022053
0 0.504861 0.559361 0.052500 0.031039
0 0.569675 0.566895 0.044722 0.043909
0 0.641296 0.776925 0.055742 0.043011
0 0.627038 0.653172 0.051853 0.037027
0 0.520708 0.736555 0.046733 0.045907
0 0.432885 0.658661 0.044786 0.040017
0 0.252699 0.835308 0.033119 0.042019
0 0.092639 0.873283 0.039539 0.037926
