2 0.755904 0.528899 0.034769 0.023666
2 0.726696 0.573334 0.034769 0.024735
4 0.798324 0.378991 0.020864 0.017237
4 0.881078 0.710449 0.038944 0.058896
4 0.883511 0.642990 0.050767 0.037476
4 0.878990 0.561559 0.026425 0.037583
4 0.775722 0.573926 0.059111 0.029983
4 0.930451 0.608189 0.050069 0.034264
4 0.982956 0.549243 0.032683 0.047220
4 0.978435 0.452340 0.025036 0.033302
4 0.920019 0.468398 0.023644 0.031159
4 0.934276 0.508554 0.063281 0.025808
4 0.882817 0.395051 0.031294 0.030086
4 0.903679 0.416467 0.042419 0.030086
4 0.948532 0.397192 0.040336 0.025804
4 0.935667 0.375242 0.049372 0.024735
4 0.903331 0.367211 0.038944 0.034371
4 0.819882 0.446448 0.065369 0.030090
4 0.741300 0.471076 0.051461 0.030090
2 0.770160 0.485533 0.027119 0.018311
2 0.790326 0.517119 0.035464 0.012956
