3 0.229043 0.467359 0.092947 0.052519
3 0.132778 0.473112 0.033194 0.048687
3 0.139417 0.299391 0.038172 0.040894
3 0.265558 0.292361 0.041494 0.047280
3 0.162238 0.425192 0.027386 0.032070
3 0.018669 0.538345 0.035683 0.030667
3 0.841907 0.506399 0.025725 0.074115
3 0.836928 0.519177 0.133611 0.038336
3 0.969707 0.532594 0.058919 0.042169
3 0.714106 0.408580 0.024067 0.034628
3 0.631949 0.681396 0.062242 0.035907
3 0.484231 0.512085 0.019089 0.042297
3 0.357258 0.517834 0.050622 0.043571
3 0.282569 0.677562 0.043983 0.028238
