4 0.118240 0.269940 0.075186 0.088922
4 0.936851 0.394739 0.051853 0.030941
4 0.986899 0.335357 0.026203 0.051895
4 0.812732 0.708114 0.042131 0.050898
4 0.799768 0.599829 0.022686 0.081839
4 0.714538 0.803920 0.036297 0.064872
4 0.987546 0.774480 0.024908 0.027943
4 0.879458 0.814399 0.055156 0.067866
4 0.444907 0.819837 0.082964 0.041018
4 0.381389 0.531416 0.080372 0.076946
4 0.392056 0.383212 0.083667 0.091916
4 0.484736 0.317344 0.043489 0.099897
4 0.256587 0.229021 0.079786 0.068965
4 0.169444 0.617744 0.088150 0.042015
4 0.246899 0.441095 0.081019 0.044012
