4 0.575793 0.576014 0.022253 0.038657
4 0.518074 0.631157 0.033381 0.041869
4 0.426975 0.594215 0.015300 0.025804
4 0.446099 0.458229 0.046592 0.027947
4 0.488171 0.494100 0.030597 0.041869
4 0.498603 0.526277 0.036161 0.039619
4 0.578574 0.471612 0.023642 0.039726
4 0.553539 0.486067 0.062589 0.055787
4 0.604303 0.544425 0.031989 0.048293
4 0.688100 0.568518 0.024339 0.019380
4 0.651939 0.573390 0.060500 0.031056
4 0.640814 0.685233 0.035467 0.038653
4 0.704790 0.701347 0.059108 0.038546
4 0.765987 0.684162 0.050764 0.032233
4 0.787544 0.642938 0.063283 0.039726
4 0.888032 0.487192 0.037553 0.023554
4 0.923846 0.535376 0.021558 0.025697
4 0.909938 0.572855 0.041031 0.051399
4 0.941925 0.809442 0.063283 0.047224
0 0.114388 0.805695 0.067453 0.041869
2 0.942272 0.843708 0.036161 0.021523
2 0.852218 0.862447 0.034075 0.016168
2 0.792065 0.842100 0.038942 0.033302
2 0.740604 0.863518 0.044508 0.024735
2 0.656808 0.796593 0.032683 0.030090
4 0.853610 0.608191 0.057719 0.025697
4 0.870994 0.846918 0.052156 0.023666
4 0.950965 0.713071 0.057719 0.027947
4 0.963483 0.675060 0.063283 0.031163
4 0.716265 0.764470 0.058414 0.034371
4 0.843874 0.611882 0.049375 0.046151
