0 0.513690 0.507613 0.063069 0.041018
2 0.320329 0.312104 0.059753 0.069127
2 0.079667 0.374720 0.121161 0.076796
2 0.193358 0.629707 0.079667 0.072836
2 0.229044 0.758768 0.074689 0.075389
2 0.118669 0.766371 0.063072 0.075522
2 0.344397 0.602810 0.094606 0.070411
2 0.468463 0.557449 0.078836 0.056352
2 0.772197 0.315299 0.037344 0.039743
2 0.586304 0.328077 0.027386 0.047404
2 0.971367 0.386858 0.055600 0.095967
2 0.975931 0.554251 0.021578 0.055073
2 0.953939 0.652645 0.022406 0.072964
2 0.597093 0.646255 0.032364 0.060184
2 0.857674 0.375994 0.065558 0.046129
2 0.797093 0.374718 0.068881 0.051240
2 0.713690 0.306993 0.021575 0.033353
