3 0.482156 0.799018 0.043156 0.035778
3 0.404562 0.919136 0.075519 0.051112
3 0.412031 0.766435 0.113694 0.039611
3 0.112446 0.552335 0.072197 0.087023
3 0.226139 0.493556 0.087139 0.064016
3 0.356014 0.466146 0.101244 0.054944
3 0.468047 0.519177 0.066389 0.028114
3 0.500413 0.584281 0.073031 0.038460
3 0.653110 0.545947 0.101247 0.046129
3 0.705806 0.497453 0.030706 0.074110
3 0.778006 0.386858 0.024067 0.083186
3 0.759335 0.360088 0.071369 0.039611
3 0.650621 0.272491 0.092947 0.046129
3 0.855185 0.696091 0.053942 0.049966
3 0.700828 0.641848 0.095433 0.053670
3 0.716181 0.814994 0.121161 0.095838
