4 0.761528 0.761506 0.043428 0.033935
4 0.512282 0.593790 0.066175 0.026048
4 0.053288 0.431615 0.106575 0.037027
4 0.100708 0.707613 0.101178 0.063875
4 0.776111 0.716595 0.027222 0.017964
4 0.736897 0.661707 0.029167 0.023952
4 0.741436 0.629769 0.029167 0.021959
4 0.728472 0.598832 0.034350 0.017964
4 0.761851 0.599780 0.032408 0.016069
4 0.753101 0.502973 0.034353 0.016065
4 0.774815 0.487004 0.036297 0.018062
4 0.808519 0.488550 0.035000 0.014970
4 0.732653 0.520438 0.022100 0.021056
4 0.904736 0.618242 0.090156 0.047006
4 0.832824 0.668142 0.034353 0.021056
4 0.850972 0.696587 0.027872 0.020060
4 0.926481 0.676625 0.023333 0.024055
4 0.854213 0.732064 0.049908 0.022956
4 0.783240 0.535907 0.025925 0.022053
4 0.795232 0.514949 0.026575 0.016065
4 0.800093 0.535406 0.025925 0.017066
4 0.792639 0.687645 0.033056 0.023965
4 0.764768 0.681166 0.026575 0.018961
