2 0.665143 0.681396 0.121992 0.112579
2 0.546885 0.634181 0.044814 0.130338
2 0.509126 0.570928 0.073858 0.085612
2 0.565974 0.365838 0.099586 0.127784
0 0.793774 0.288464 0.098753 0.075518
0 0.951035 0.808539 0.089625 0.070406
0 0.041076 0.856523 0.073858 0.084337
0 0.442322 0.452667 0.074689 0.056352
2 0.403732 0.250768 0.088797 0.099799
2 0.902072 0.760684 0.073028 0.102224
2 0.213686 0.509530 0.060572 0.185415
2 0.407882 0.731232 0.065558 0.092130
2 0.729876 0.342134 0.043975 0.095962
2 0.813690 0.613033 0.045642 0.098520
