4 0.289310 0.527352 0.018958 0.037023
4 0.267917 0.549219 0.039956 0.029080
4 0.273000 0.574891 0.051578 0.026959
4 0.768039 0.717566 0.037850 0.027964
4 0.593728 0.663259 0.042133 0.033670
4 0.539571 0.634232 0.056008 0.031322
4 0.188697 0.530708 0.040028 0.032553
4 0.454250 0.576065 0.034872 0.055928
4 0.468017 0.568180 0.036394 0.031433
4 0.399367 0.541334 0.032761 0.042618
4 0.356506 0.557553 0.042933 0.032549
4 0.786236 0.719746 0.052306 0.030312
4 0.532707 0.560964 0.029058 0.030201
4 0.551957 0.583896 0.025425 0.033559
4 0.637314 0.577186 0.061022 0.038033
4 0.675090 0.597821 0.059569 0.021364
4 0.635463 0.632498 0.019686 0.041497
4 0.576624 0.657104 0.058919 0.023601
4 0.763681 0.676178 0.050922 0.045864
4 0.747735 0.676178 0.055208 0.039149
4 0.528675 0.727575 0.060367 0.028075
4 0.440774 0.637530 0.035669 0.026959
4 0.227562 0.608450 0.026225 0.026959
4 0.149506 0.644243 0.039956 0.031429
4 0.191239 0.605092 0.039300 0.020244
4 0.205406 0.593907 0.037122 0.018011
2 0.970754 0.831660 0.043586 0.027964
2 0.913728 0.777352 0.048672 0.026955
2 0.861424 0.790832 0.041408 0.024607
2 0.699426 0.754478 0.039953 0.023490
2 0.306018 0.640943 0.039303 0.017900
4 0.877042 0.834957 0.061022 0.028075
4 0.798586 0.824947 0.058117 0.048097
4 0.773524 0.770081 0.061747 0.030317
4 0.716497 0.748325 0.047944 0.033554
0 0.513092 0.791950 0.033417 0.046980
1 0.345246 0.668349 0.059642 0.070470
1 0.313646 0.659399 0.069086 0.045864
