4 0.484761 0.477575 0.023244 0.033670
4 0.521810 0.459735 0.029058 0.022370
4 0.534486 0.483785 0.048744 0.019016
4 0.423703 0.450729 0.050922 0.022485
4 0.384511 0.446313 0.045039 0.022370
4 0.360865 0.509510 0.019686 0.054812
4 0.429550 0.532945 0.014528 0.032553
4 0.368529 0.639209 0.043586 0.054919
4 0.599865 0.607331 0.044386 0.033670
4 0.685587 0.628584 0.053103 0.033670
4 0.702696 0.672823 0.046492 0.019016
1 0.205078 0.583839 0.063928 0.067224
0 0.689582 0.899835 0.071264 0.045975
2 0.970392 0.819859 0.042861 0.038144
2 0.960947 0.782387 0.045767 0.037023
2 0.766224 0.864600 0.044386 0.029192
2 0.607531 0.715272 0.029056 0.037027
2 0.534160 0.672765 0.037775 0.045975
2 0.492353 0.633616 0.024044 0.041501
4 0.757179 0.757778 0.034869 0.050449
4 0.814894 0.782945 0.031311 0.024718
4 0.949650 0.726456 0.061094 0.039260
4 0.880275 0.628024 0.032761 0.037023
4 0.939881 0.624669 0.039956 0.048208
4 0.786200 0.507218 0.045111 0.032553
4 0.861387 0.553080 0.057464 0.043738
4 0.832367 0.558672 0.063200 0.041501
4 0.839231 0.604534 0.018961 0.039264
4 0.841083 0.649275 0.039956 0.030312
4 0.819653 0.694579 0.052306 0.029192
4 0.800401 0.685629 0.058842 0.033670
4 0.709560 0.692958 0.058914 0.030201
4 0.541388 0.510071 0.033492 0.029080
4 0.576983 0.538035 0.049472 0.035796
4 0.531217 0.549222 0.039300 0.038033
4 0.431331 0.632498 0.029856 0.075056
