3 0.420331 0.326801 0.024067 0.047408
3 0.629874 0.669320 0.031536 0.037057
3 0.622819 0.639292 0.100417 0.063888
3 0.709957 0.669959 0.087136 0.043443
3 0.546885 0.731294 0.097925 0.066446
3 0.459749 0.834160 0.109542 0.108618
3 0.149790 0.714619 0.068881 0.053798
3 0.280496 0.625875 0.104564 0.116283
3 0.324064 0.521093 0.024067 0.062613
3 0.343151 0.864187 0.022408 0.053670
3 0.848131 0.668041 0.107883 0.057502
3 0.665558 0.693599 0.033194 0.054949
3 0.401657 0.899968 0.023236 0.043443
3 0.576761 0.502564 0.061411 0.033221
