4 0.385601 0.512004 0.162686 0.097806
4 0.035787 0.836305 0.071575 0.079940
4 0.146726 0.889750 0.189325 0.126745
4 0.309121 0.875227 0.186019 0.127844
4 0.683750 0.735009 0.058983 0.116869
4 0.310092 0.756016 0.202222 0.120757
4 0.087097 0.590297 0.112844 0.150800
4 0.189212 0.642744 0.171758 0.097806
4 0.099306 0.392744 0.198611 0.102793
4 0.047454 0.215047 0.094908 0.100898
4 0.084538 0.124731 0.102408 0.085928
4 0.701217 0.296435 0.166639 0.069859
4 0.794260 0.404222 0.212592 0.113772
4 0.651343 0.508961 0.201575 0.117861
4 0.405014 0.208561 0.214600 0.141818
4 0.227129 0.204619 0.193147 0.137725
