4 0.615082 0.460905 0.038247 0.022596
4 0.525375 0.534254 0.035467 0.032228
4 0.587615 0.529435 0.054242 0.026878
4 0.667586 0.504808 0.057022 0.033302
4 0.637683 0.565306 0.068150 0.030090
4 0.545889 0.559953 0.048678 0.034371
4 0.494429 0.594217 0.058414 0.038657
4 0.453749 0.575477 0.057719 0.031159
4 0.588308 0.601711 0.036161 0.025808
4 0.468351 0.629553 0.042419 0.036514
4 0.440535 0.652094 0.059108 0.027840
4 0.672801 0.433599 0.053547 0.042938
4 0.547281 0.453944 0.055633 0.032233
4 0.511467 0.489281 0.047983 0.027947
4 0.483303 0.520920 0.040333 0.024628
2 0.954094 0.622592 0.048678 0.029016
4 0.694013 0.617293 0.034769 0.041762
4 0.552496 0.661675 0.045203 0.042938
4 0.710354 0.572320 0.034075 0.039619
4 0.707572 0.675648 0.054939 0.034264
4 0.737475 0.709380 0.056328 0.037476
4 0.634901 0.597964 0.033381 0.035441
4 0.891161 0.687374 0.064672 0.036510
4 0.791717 0.495169 0.047983 0.029021
2 0.620299 0.617774 0.038942 0.025804
2 0.598393 0.574461 0.032686 0.024628
2 0.682190 0.569587 0.034769 0.025804
2 0.837267 0.624198 0.036161 0.032228
2 0.858476 0.649897 0.039636 0.034371
2 0.807713 0.682556 0.038247 0.035445
4 0.512161 0.704506 0.028511 0.032228
