0 0.280278 0.378272 0.029817 0.025945
0 0.312004 0.267494 0.038953 0.027947
0 0.237792 0.387254 0.037011 0.031933
0 0.245926 0.428672 0.040186 0.024949
0 0.381681 0.378770 0.035711 0.024949
0 0.393671 0.355817 0.029881 0.030941
0 0.439042 0.330868 0.015622 0.020958
0 0.453982 0.322883 0.020742 0.030941
0 0.483115 0.279968 0.029881 0.036925
0 0.504181 0.279470 0.012378 0.027947
0 0.496760 0.306916 0.012964 0.026946
0 0.547963 0.283460 0.024631 0.029940
0 0.563163 0.296935 0.033119 0.024949
0 0.619551 0.270488 0.029231 0.029940
0 0.598843 0.329371 0.022686 0.047904
0 0.559629 0.352823 0.014258 0.020958
0 0.569676 0.387754 0.011019 0.014970
0 0.534353 0.334859 0.019444 0.028939
0 0.491250 0.364301 0.023983 0.039919
0 0.436772 0.399728 0.034417 0.022956
0 0.738518 0.329320 0.028519 0.022053
0 0.663949 0.313901 0.015619 0.020958
