0 0.305392 0.643700 0.054772 0.057630
0 0.192114 0.546012 0.110372 0.079226
0 0.233193 0.761963 0.084647 0.086895
0 0.021575 0.827769 0.043150 0.029388
0 0.167633 0.880098 0.109544 0.075518
0 0.039003 0.527419 0.078006 0.083186
0 0.046885 0.660312 0.053942 0.070411
2 0.586719 0.917857 0.066389 0.071557
2 0.338172 0.838631 0.078839 0.081779
2 0.742321 0.491001 0.047303 0.041018
2 0.629458 0.584281 0.062239 0.056356
2 0.564312 0.609200 0.063069 0.055073
2 0.581740 0.579170 0.048131 0.081908
2 0.614106 0.512725 0.087967 0.071685
2 0.533607 0.466146 0.092947 0.070282
2 0.409542 0.913961 0.055600 0.071685
0 0.520331 0.427810 0.046472 0.067725
2 0.687964 0.745926 0.061411 0.093409
2 0.695849 0.748482 0.065558 0.055073
2 0.537757 0.726118 0.063069 0.076796
2 0.663483 0.694812 0.075517 0.078075
2 0.644811 0.803428 0.081328 0.060184
2 0.421989 0.657757 0.017428 0.055077
