4 0.825793 0.425569 0.134214 0.133952
4 0.418976 0.340443 0.130042 0.102904
4 0.466612 0.206595 0.079275 0.057930
4 0.190187 0.353826 0.142558 0.056856
4 0.245472 0.754296 0.141861 0.099688
4 0.401592 0.662746 0.078583 0.060068
4 0.352912 0.587791 0.050764 0.075060
4 0.384554 0.783745 0.137692 0.066497
4 0.315361 0.827645 0.099444 0.057926
4 0.670021 0.472684 0.114742 0.097549
4 0.548671 0.421285 0.122392 0.078276
4 0.634903 0.302964 0.107094 0.053644
4 0.720785 0.237648 0.081364 0.083627
4 0.825793 0.333482 0.085536 0.069709
4 0.726696 0.389164 0.057025 0.054718
4 0.934971 0.178221 0.078581 0.052575
