4 0.036111 0.353822 0.072222 0.066865
4 0.451713 0.815898 0.121203 0.050898
4 0.504861 0.780466 0.145833 0.083832
4 0.610185 0.303373 0.133519 0.185727
4 0.304226 0.524431 0.143953 0.064970
4 0.199583 0.480569 0.078428 0.092814
4 0.327917 0.601326 0.140650 0.108785
4 0.851619 0.726576 0.165278 0.087823
4 0.781944 0.819339 0.137406 0.081938
4 0.712588 0.907671 0.132214 0.088909
4 0.945093 0.889698 0.109814 0.068961
4 0.949167 0.924679 0.099817 0.050898
4 0.202176 0.355817 0.088797 0.126749
4 0.111760 0.186155 0.117964 0.086826
4 0.021528 0.288402 0.043056 0.057985
4 0.069272 0.483561 0.030528 0.118764
4 0.015046 0.580319 0.030092 0.062973
4 0.174306 0.643740 0.127683 0.075847
4 0.135092 0.806416 0.136111 0.085825
4 0.181435 0.893242 0.065464 0.123755
4 0.253996 0.921685 0.153675 0.056886
4 0.365510 0.927175 0.065464 0.049902
