0 0.392051 0.471086 0.048675 0.037921
0 0.173982 0.425180 0.040186 0.029940
0 0.378796 0.486007 0.036297 0.040021
0 0.434538 0.497034 0.044075 0.019962
0 0.430647 0.508011 0.046667 0.017964
0 0.420278 0.518492 0.054444 0.022956
0 0.389490 0.513952 0.026575 0.038024
0 0.388486 0.541396 0.025989 0.037027
0 0.419306 0.547382 0.016206 0.035030
0 0.427699 0.545888 0.020158 0.028045
0 0.466296 0.571334 0.020742 0.029042
0 0.494782 0.514448 0.014325 0.041018
0 0.499319 0.479519 0.031178 0.033033
0 0.521389 0.515447 0.041483 0.027044
0 0.546958 0.509461 0.013678 0.029042
0 0.526542 0.543392 0.019511 0.035030
0 0.541774 0.561356 0.013675 0.035030
0 0.568671 0.552872 0.014325 0.034033
0 0.560893 0.559361 0.029881 0.043015
0 0.598518 0.555368 0.037592 0.025047
0 0.635463 0.535907 0.033703 0.055988
0 0.619907 0.579820 0.036297 0.032036
0 0.598842 0.578321 0.021389 0.039021
0 0.842546 0.633212 0.042131 0.025047
0 0.114351 0.419189 0.033703 0.031938
