0 0.492222 0.270438 0.018150 0.012074
0 0.310740 0.225079 0.020742 0.030937
0 0.335694 0.239549 0.035650 0.027943
0 0.359319 0.219040 0.010433 0.021056
0 0.298426 0.260958 0.016853 0.029042
0 0.273439 0.306364 0.034417 0.044012
0 0.308147 0.293443 0.031111 0.035928
0 0.355139 0.310406 0.029167 0.035928
0 0.396944 0.233013 0.032406 0.031039
0 0.446494 0.234510 0.022750 0.018062
0 0.433208 0.248482 0.023400 0.016065
0 0.420926 0.273980 0.020742 0.024949
0 0.446204 0.290898 0.036297 0.029042
0 0.507129 0.233563 0.036297 0.029940
0 0.494167 0.248033 0.028517 0.016963
0 0.510694 0.277474 0.020094 0.015967
0 0.543750 0.267994 0.014906 0.020958
0 0.510986 0.290449 0.015622 0.011976
0 0.509690 0.297932 0.027286 0.012973
0 0.488625 0.281416 0.027933 0.020060
0 0.475047 0.331364 0.025278 0.017964
0 0.842514 0.096786 0.037011 0.024050
0 0.786482 0.103272 0.020742 0.019059
