0 0.129226 0.455569 0.007842 0.017066
0 0.150324 0.487553 0.020092 0.018965
0 0.395972 0.385706 0.012317 0.023054
0 0.354782 0.420137 0.029881 0.026048
0 0.331157 0.386704 0.034353 0.027044
0 0.321435 0.418640 0.022686 0.017066
0 0.293857 0.470038 0.027286 0.010077
0 0.277361 0.432113 0.012317 0.014072
0 0.234907 0.474530 0.009075 0.013071
0 0.230338 0.456565 0.007842 0.015073
0 0.216079 0.439100 0.007842 0.024050
0 0.211250 0.466546 0.016206 0.015068
0 0.176542 0.468043 0.035067 0.016069
0 0.161990 0.455569 0.030464 0.017066
0 0.142189 0.452573 0.013028 0.015068
0 0.142222 0.463601 0.020739 0.014970
