2 0.332171 0.422767 0.077075 0.098546
4 0.531253 0.574388 0.106061 0.112977
2 0.095385 0.742675 0.037775 0.152237
2 0.109151 0.452466 0.104681 0.142057
2 0.250444 0.493236 0.166428 0.129867
2 0.754600 0.206324 0.038572 0.086240
2 0.664194 0.236020 0.069739 0.114093
2 0.617337 0.454703 0.073369 0.128636
2 0.130254 0.407162 0.027603 0.069354
2 0.036179 0.540272 0.031236 0.071587
4 0.177836 0.620753 0.079183 0.078409
0 0.062221 0.598383 0.124442 0.094072
1 0.368529 0.331099 0.106064 0.102908
1 0.531979 0.209177 0.146742 0.105145
0 0.473442 0.360024 0.035683 0.111296
