0 0.595611 0.326523 0.017383 0.034371
0 0.617865 0.347938 0.017386 0.038657
0 0.650200 0.326523 0.008344 0.045081
0 0.668978 0.343653 0.023644 0.027947
0 0.658199 0.296540 0.013214 0.030086
0 0.639771 0.286367 0.018081 0.031159
0 0.570925 0.370477 0.036161 0.017130
0 0.516335 0.410577 0.027119 0.026878
0 0.538240 0.431993 0.026425 0.037588
0 0.571272 0.503736 0.031294 0.037583
0 0.596306 0.458762 0.015994 0.048293
0 0.589353 0.449662 0.020167 0.040796
0 0.585179 0.436277 0.021558 0.033298
0 0.620994 0.483980 0.015300 0.038550
