4 0.195750 0.179825 0.035467 0.027947
4 0.837962 0.745785 0.077886 0.039619
4 0.755208 0.724316 0.079278 0.039726
4 0.751731 0.681538 0.061194 0.050329
4 0.624819 0.667564 0.024339 0.061142
4 0.513554 0.641332 0.066064 0.049363
4 0.441231 0.570659 0.054939 0.053644
4 0.429061 0.610813 0.055633 0.050436
4 0.361258 0.476431 0.054939 0.049363
4 0.345264 0.491957 0.043811 0.071852
4 0.554235 0.733954 0.045897 0.067566
4 0.618211 0.763398 0.068150 0.068636
4 0.656808 0.749478 0.079972 0.051506
4 0.674193 0.799269 0.028514 0.069709
4 0.700965 0.834607 0.026425 0.071848
4 0.755208 0.816938 0.072322 0.047220
4 0.671062 0.889215 0.065369 0.101835
4 0.284415 0.350614 0.045897 0.054718
4 0.239214 0.342583 0.029206 0.057930
4 0.221133 0.251568 0.044506 0.051501
4 0.216960 0.260669 0.018081 0.080415
4 0.251036 0.246213 0.019472 0.072921
4 0.238518 0.293328 0.011125 0.036510
4 0.242690 0.175006 0.033381 0.029021
4 0.170368 0.228011 0.033381 0.057930
4 0.155764 0.210877 0.015300 0.045081
4 0.137685 0.208201 0.026425 0.037583
