0 0.796528 0.095289 0.030461 0.019063
0 0.698658 0.142194 0.029167 0.027049
0 0.254028 0.213054 0.020094 0.029042
0 0.254319 0.252973 0.035067 0.033037
0 0.244274 0.259459 0.037008 0.030038
0 0.276357 0.286405 0.035064 0.030038
0 0.369399 0.303871 0.031758 0.025047
0 0.370338 0.263452 0.014325 0.028041
0 0.367129 0.276974 0.028519 0.016967
0 0.360939 0.293941 0.042194 0.018961
0 0.329181 0.259959 0.009789 0.027044
0 0.326911 0.260458 0.024694 0.028041
0 0.334689 0.225028 0.032472 0.031039
0 0.362917 0.241497 0.031761 0.020060
0 0.373578 0.227524 0.040250 0.032036
0 0.403393 0.264949 0.025992 0.027049
0 0.453300 0.255967 0.028583 0.027049
0 0.482792 0.295387 0.013678 0.024050
0 0.493486 0.275926 0.010433 0.021056
0 0.537268 0.284908 0.011019 0.013075
0 0.531403 0.316347 0.008489 0.014072
0 0.516204 0.286405 0.005186 0.016069
