4 0.795556 0.785458 0.037594 0.027947
4 0.766065 0.463103 0.035647 0.019962
4 0.718426 0.455118 0.032408 0.015967
4 0.664631 0.456617 0.027222 0.020958
4 0.590708 0.426127 0.037656 0.022057
4 0.598843 0.555417 0.035647 0.024949
4 0.580369 0.597284 0.027222 0.025047
4 0.564814 0.591796 0.023333 0.020060
4 0.541482 0.596835 0.036297 0.035928
4 0.570000 0.644690 0.036294 0.018062
4 0.620556 0.578820 0.015556 0.038024
4 0.678532 0.562853 0.040897 0.022053
4 0.666899 0.515449 0.030464 0.041018
4 0.756019 0.542444 0.031111 0.016967
4 0.753426 0.492992 0.033703 0.016069
4 0.838010 0.625778 0.026575 0.023952
4 0.865556 0.646737 0.028517 0.017964
4 0.890510 0.672183 0.031758 0.018961
4 0.816588 0.642194 0.035714 0.029042
4 0.815647 0.723084 0.042778 0.014970
4 0.743996 0.638700 0.033119 0.026048
4 0.695383 0.634211 0.026639 0.019063
4 0.640292 0.612254 0.031822 0.017066
4 0.595926 0.711106 0.024631 0.030937
4 0.718426 0.688653 0.041481 0.017964
